TABLE NO.  4
 ID          WT          DV          PRED        RES         WRES
  1.0000E+00  5.1600E+01  1.2161E+00  0.0000E+00  1.2161E+00  2.9444E-01
  1.0000E+00  5.1600E+01  1.2565E+01  0.0000E+00  1.2565E+01  3.0422E+00
  1.0000E+00  5.1600E+01  1.1218E+01  0.0000E+00  1.1218E+01  2.7160E+00
  1.0000E+00  5.1600E+01  1.7709E+01  0.0000E+00  1.7709E+01  4.2876E+00
  1.0000E+00  5.1600E+01  2.1925E+01  0.0000E+00  2.1925E+01  5.3084E+00
  1.0000E+00  5.1600E+01  1.6205E+01  0.0000E+00  1.6205E+01  3.9235E+00
  1.0000E+00  5.1600E+01  1.8692E+01  0.0000E+00  1.8692E+01  4.5256E+00
  1.0000E+00  5.1600E+01  2.3788E+01  0.0000E+00  2.3788E+01  5.7594E+00
  1.0000E+00  5.1600E+01  1.6475E+01  0.0000E+00  1.6475E+01  3.9888E+00
  1.0000E+00  5.1600E+01  1.7346E+01  0.0000E+00  1.7346E+01  4.1997E+00
  1.0000E+00  5.1600E+01  1.8373E+01  0.0000E+00  1.8373E+01  4.4484E+00
  1.0000E+00  5.1600E+01  1.8252E+01  0.0000E+00  1.8252E+01  4.4191E+00
  1.0000E+00  5.1600E+01  1.8359E+01  0.0000E+00  1.8359E+01  4.4450E+00
  1.0000E+00  5.1600E+01  1.3057E+01  0.0000E+00  1.3057E+01  3.1613E+00
  1.0000E+00  5.1600E+01  1.5134E+01  0.0000E+00  1.5134E+01  3.6642E+00
  1.0000E+00  5.1600E+01  8.4486E+00  0.0000E+00  8.4486E+00  2.0455E+00
  1.0000E+00  5.1600E+01  1.0985E+01  0.0000E+00  1.0985E+01  2.6596E+00
  1.0000E+00  5.1600E+01  5.7362E+00  0.0000E+00  5.7362E+00  1.3888E+00
  1.0000E+00  5.1600E+01  8.4208E+00  0.0000E+00  8.4208E+00  2.0388E+00
  2.0000E+00  4.7100E+01  0.0000E+00  0.0000E+00  0.0000E+00  0.0000E+00
  2.0000E+00  4.7100E+01  1.1076E+00  0.0000E+00  1.1076E+00  2.6817E-01
  2.0000E+00  4.7100E+01  1.0152E+01  9.3297E+00  8.2234E-01  5.7419E-01
  2.0000E+00  4.7100E+01  1.1842E+01  1.4363E+01 -2.5212E+00 -2.5628E-01
  2.0000E+00  4.7100E+01  1.3557E+01  1.6990E+01 -3.4330E+00 -4.8145E-01
  2.0000E+00  4.7100E+01  1.2662E+01  1.8270E+01 -5.6083E+00 -1.2416E+00
  2.0000E+00  4.7100E+01  1.5854E+01  1.8799E+01 -2.9451E+00 -2.4075E-01
  2.0000E+00  4.7100E+01  1.5432E+01  1.8910E+01 -3.4782E+00 -4.3895E-01
  2.0000E+00  4.7100E+01  1.7372E+01  1.8791E+01 -1.4189E+00  3.2552E-01
  2.0000E+00  4.7100E+01  1.9629E+01  1.8546E+01  1.0827E+00  1.2412E+00
  2.0000E+00  4.7100E+01  1.7099E+01  1.8235E+01 -1.1361E+00  3.9422E-01
  2.0000E+00  4.7100E+01  1.4025E+01  1.7890E+01 -3.8655E+00 -6.2778E-01
  2.0000E+00  4.7100E+01  1.4696E+01  1.7531E+01 -2.8347E+00 -2.6692E-01
  2.0000E+00  4.7100E+01  1.5417E+01  1.7166E+01 -1.7490E+00  1.0693E-01
  2.0000E+00  4.7100E+01  1.3979E+01  1.5740E+01 -1.7608E+00  2.7802E-02
  2.0000E+00  4.7100E+01  9.3259E+00  1.2094E+01 -2.7681E+00 -4.5470E-01
  2.0000E+00  4.7100E+01  6.8900E+00  9.2914E+00 -2.4014E+00 -4.2745E-01
  2.0000E+00  4.7100E+01  5.2125E+00  7.1383E+00 -1.9258E+00 -3.4984E-01
  2.0000E+00  4.7100E+01  4.1558E+00  5.4841E+00 -1.3283E+00 -2.2898E-01
  2.0000E+00  4.7100E+01  3.2563E+00  4.2133E+00 -9.5697E-01 -1.6248E-01
  3.0000E+00  3.5000E+01  0.0000E+00  0.0000E+00  0.0000E+00  0.0000E+00
  3.0000E+00  3.5000E+01 -7.3757E-02  0.0000E+00 -7.3757E-02 -1.7858E-02
  3.0000E+00  3.5000E+01  9.3116E+00  9.3520E+00 -4.0437E-02 -6.7917E-01
  3.0000E+00  3.5000E+01  2.0167E+01  1.4438E+01  5.7291E+00  7.3468E-01
  3.0000E+00  3.5000E+01  2.1678E+01  1.7132E+01  4.5458E+00  1.2541E-01
  3.0000E+00  3.5000E+01  2.4841E+01  1.8487E+01  6.3540E+00  6.7857E-01
  3.0000E+00  3.5000E+01  2.1191E+01  1.9093E+01  2.0982E+00 -9.6437E-01
  3.0000E+00  3.5000E+01  2.2233E+01  1.9281E+01  2.9522E+00 -6.5592E-01
  3.0000E+00  3.5000E+01  2.5764E+01  1.9237E+01  6.5269E+00  7.1230E-01
  3.0000E+00  3.5000E+01  2.6171E+01  1.9066E+01  7.1051E+00  9.5324E-01
  3.0000E+00  3.5000E+01  2.6855E+01  1.8826E+01  8.0293E+00  1.3263E+00
  3.0000E+00  3.5000E+01  2.4440E+01  1.8549E+01  5.8907E+00  5.5520E-01
  3.0000E+00  3.5000E+01  2.2379E+01  1.8255E+01  4.1240E+00 -6.6168E-02
  3.0000E+00  3.5000E+01  1.9932E+01  1.7953E+01  1.9789E+00 -8.1652E-01
  3.0000E+00  3.5000E+01  2.1774E+01  1.6752E+01  5.0221E+00  4.2890E-01
  3.0000E+00  3.5000E+01  1.7953E+01  1.3567E+01  4.3859E+00  5.1072E-01
  3.0000E+00  3.5000E+01  1.2802E+01  1.0986E+01  1.8156E+00 -7.9736E-02
  3.0000E+00  3.5000E+01  1.1368E+01  8.8966E+00  2.4714E+00  2.8247E-01
  3.0000E+00  3.5000E+01  1.1672E+01  7.2043E+00  4.4677E+00  9.5338E-01
  3.0000E+00  3.5000E+01  7.5140E+00  5.8339E+00  1.6801E+00  2.5118E-01
  4.0000E+00  4.8400E+01  0.0000E+00  0.0000E+00  0.0000E+00  0.0000E+00
  4.0000E+00  4.8400E+01 -2.4017E-01  0.0000E+00 -2.4017E-01 -5.8149E-02
  4.0000E+00  4.8400E+01  8.3117E+00  9.3274E+00 -1.0157E+00  3.6320E-01
  4.0000E+00  4.8400E+01  1.2332E+01  1.4356E+01 -2.0235E+00  4.8662E-01
  4.0000E+00  4.8400E+01  9.5114E+00  1.6975E+01 -7.4640E+00 -1.1889E+00
  4.0000E+00  4.8400E+01  1.5384E+01  1.8248E+01 -2.8641E+00  5.7054E-01
  4.0000E+00  4.8400E+01  1.5128E+01  1.8769E+01 -3.6410E+00  3.2355E-01
  4.0000E+00  4.8400E+01  1.2791E+01  1.8872E+01 -6.0813E+00 -5.9687E-01
  4.0000E+00  4.8400E+01  1.1972E+01  1.8745E+01 -6.7734E+00 -8.8239E-01
  4.0000E+00  4.8400E+01  1.3333E+01  1.8493E+01 -5.1604E+00 -3.1657E-01
  4.0000E+00  4.8400E+01  1.3072E+01  1.8175E+01 -5.1032E+00 -3.3802E-01
  4.0000E+00  4.8400E+01  1.1469E+01  1.7824E+01 -6.3548E+00 -8.3997E-01
  4.0000E+00  4.8400E+01  1.1090E+01  1.7458E+01 -6.3675E+00 -8.8427E-01
  4.0000E+00  4.8400E+01  1.4601E+01  1.7087E+01 -2.4857E+00  4.7032E-01
  4.0000E+00  4.8400E+01  1.3715E+01  1.5639E+01 -1.9238E+00  4.7588E-01
  4.0000E+00  4.8400E+01  1.0035E+01  1.1951E+01 -1.9163E+00  6.5055E-02
  4.0000E+00  4.8400E+01  6.7983E+00  9.1320E+00 -2.3337E+00 -2.9800E-01
  4.0000E+00  4.8400E+01  3.0324E+00  6.9777E+00 -3.9453E+00 -8.8548E-01
  4.0000E+00  4.8400E+01  3.8927E+00  5.3317E+00 -1.4390E+00 -2.7376E-01
  4.0000E+00  4.8400E+01  3.8535E+00  4.0739E+00 -2.2045E-01 -6.9992E-03
  5.0000E+00  5.2900E+01  0.0000E+00  0.0000E+00  0.0000E+00  0.0000E+00
  5.0000E+00  5.2900E+01  5.3430E-01  0.0000E+00  5.3430E-01  1.2936E-01
  5.0000E+00  5.2900E+01  8.8596E+00  9.3195E+00 -4.5988E-01 -3.3863E-01
  5.0000E+00  5.2900E+01  1.4427E+01  1.4329E+01  9.7650E-02 -3.4099E-01
  5.0000E+00  5.2900E+01  1.6130E+01  1.6926E+01 -7.9567E-01 -7.8622E-01
  5.0000E+00  5.2900E+01  2.4238E+01  1.8172E+01  6.0655E+00  1.6319E+00
  5.0000E+00  5.2900E+01  1.5178E+01  1.8667E+01 -3.4889E+00 -1.9682E+00
  5.0000E+00  5.2900E+01  2.2489E+01  1.8744E+01  3.7452E+00  6.8295E-01
  5.0000E+00  5.2900E+01  2.4514E+01  1.8591E+01  5.9228E+00  1.4514E+00
  5.0000E+00  5.2900E+01  2.2087E+01  1.8314E+01  3.7726E+00  6.0993E-01
  5.0000E+00  5.2900E+01  1.8739E+01  1.7972E+01  7.6656E-01 -5.3009E-01
  5.0000E+00  5.2900E+01  1.5653E+01  1.7598E+01 -1.9453E+00 -1.5390E+00
  5.0000E+00  5.2900E+01  2.1381E+01  1.7210E+01  4.1706E+00  6.5306E-01
  5.0000E+00  5.2900E+01  2.2030E+01  1.6819E+01  5.2109E+00  9.9476E-01
  5.0000E+00  5.2900E+01  2.0821E+01  1.5299E+01  5.5217E+00  9.9414E-01
  5.0000E+00  5.2900E+01  1.6266E+01  1.1477E+01  4.7891E+00  5.9727E-01
  5.0000E+00  5.2900E+01  1.2420E+01  8.6083E+00  3.8117E+00  2.9442E-01
  5.0000E+00  5.2900E+01  1.3299E+01  6.4567E+00  6.8423E+00  1.1817E+00
  5.0000E+00  5.2900E+01  1.0335E+01  4.8429E+00  5.4921E+00  8.5867E-01
  5.0000E+00  5.2900E+01  9.3872E+00  3.6324E+00  5.7548E+00  9.8580E-01
  6.0000E+00  6.5900E+01  0.0000E+00  0.0000E+00  0.0000E+00  0.0000E+00
  6.0000E+00  6.5900E+01  2.9626E-01  0.0000E+00  2.9626E-01  7.1729E-02
  6.0000E+00  6.5900E+01  1.4315E+01  9.2977E+00  5.0173E+00  1.1656E-01
  6.0000E+00  6.5900E+01  2.7738E+01  1.4257E+01  1.3481E+01  2.1419E+00
  6.0000E+00  6.5900E+01  3.0663E+01  1.6788E+01  1.3875E+01  2.0489E+00
  6.0000E+00  6.5900E+01  2.8684E+01  1.7964E+01  1.0720E+01  8.5395E-01
  6.0000E+00  6.5900E+01  2.4885E+01  1.8386E+01  6.4986E+00 -6.4978E-01
  6.0000E+00  6.5900E+01  3.2096E+01  1.8392E+01  1.3704E+01  2.1535E+00
  6.0000E+00  6.5900E+01  2.7022E+01  1.8170E+01  8.8520E+00  5.2643E-01
  6.0000E+00  6.5900E+01  2.8394E+01  1.7827E+01  1.0567E+01  1.3394E+00
  6.0000E+00  6.5900E+01  1.9052E+01  1.7422E+01  1.6304E+00 -1.7152E+00
  6.0000E+00  6.5900E+01  2.4557E+01  1.6987E+01  7.5695E+00  6.1954E-01
  6.0000E+00  6.5900E+01  1.8485E+01  1.6543E+01  1.9421E+00 -1.1960E+00
  6.0000E+00  6.5900E+01  1.7830E+01  1.6098E+01  1.7319E+00 -1.0819E+00
  6.0000E+00  6.5900E+01  1.3155E+01  1.4395E+01 -1.2400E+00 -1.4382E+00
  6.0000E+00  6.5900E+01  8.4222E+00  1.0256E+01 -1.8341E+00 -4.2367E-01
  6.0000E+00  6.5900E+01  4.9649E+00  7.3065E+00 -2.3416E+00 -6.7810E-02
  6.0000E+00  6.5900E+01 -3.1050E-01  5.2050E+00 -5.5155E+00 -7.4438E-01
  6.0000E+00  6.5900E+01  1.4111E+00  3.7080E+00 -2.2969E+00  1.4204E-01
  6.0000E+00  6.5900E+01  1.4164E+00  2.6415E+00 -1.2251E+00  3.6356E-01
  7.0000E+00  6.2500E+01  0.0000E+00  0.0000E+00  0.0000E+00  0.0000E+00
  7.0000E+00  6.2500E+01 -1.4391E+00  0.0000E+00 -1.4391E+00 -3.4843E-01
  7.0000E+00  6.2500E+01  8.5353E+00  9.3033E+00 -7.6795E-01  1.5009E-02
  7.0000E+00  6.2500E+01  1.3037E+01  1.4275E+01 -1.2384E+00 -3.6084E-03
  7.0000E+00  6.2500E+01  1.1623E+01  1.6823E+01 -5.2005E+00 -1.3517E+00
  7.0000E+00  6.2500E+01  1.9103E+01  1.8017E+01  1.0855E+00  9.1314E-01
  7.0000E+00  6.2500E+01  2.2441E+01  1.8458E+01  3.9832E+00  1.9784E+00
  7.0000E+00  6.2500E+01  1.2201E+01  1.8481E+01 -6.2804E+00 -1.8686E+00
  7.0000E+00  6.2500E+01  1.8646E+01  1.8277E+01  3.6904E-01  5.5606E-01
  7.0000E+00  6.2500E+01  1.6261E+01  1.7950E+01 -1.6894E+00 -2.4925E-01
  7.0000E+00  6.2500E+01  1.8519E+01  1.7561E+01  9.5794E-01  6.6925E-01
  7.0000E+00  6.2500E+01  1.6067E+01  1.7142E+01 -1.0749E+00 -1.1265E-01
  7.0000E+00  6.2500E+01  1.3287E+01  1.6711E+01 -3.4245E+00 -9.8869E-01
  7.0000E+00  6.2500E+01  1.5586E+01  1.6280E+01 -6.9387E-01 -5.8037E-02
  7.0000E+00  6.2500E+01  1.4131E+01  1.4621E+01 -4.9048E-01 -1.2216E-01
  7.0000E+00  6.2500E+01  1.0141E+01  1.0556E+01 -4.1522E-01 -3.2025E-01
  7.0000E+00  6.2500E+01  8.8287E+00  7.6201E+00  1.2086E+00  6.8045E-02
  7.0000E+00  6.2500E+01  8.5356E+00  5.5006E+00  3.0350E+00  5.3491E-01
  7.0000E+00  6.2500E+01  1.0732E+01  3.9707E+00  6.7613E+00  1.5042E+00
  7.0000E+00  6.2500E+01  5.6827E+00  2.8663E+00  2.8164E+00  4.8500E-01
  8.0000E+00  5.8600E+01  0.0000E+00  0.0000E+00  0.0000E+00  0.0000E+00
  8.0000E+00  5.8600E+01 -1.4741E+00  0.0000E+00 -1.4741E+00 -3.5690E-01
  8.0000E+00  5.8600E+01  7.9728E+00  9.3098E+00 -1.3370E+00  4.6943E-01
  8.0000E+00  5.8600E+01  8.8496E+00  1.4297E+01 -5.4474E+00 -3.1136E-01
  8.0000E+00  5.8600E+01  1.3640E+01  1.6864E+01 -3.2244E+00  7.3044E-01
  8.0000E+00  5.8600E+01  1.0014E+01  1.8079E+01 -8.0655E+00 -9.0829E-01
  8.0000E+00  5.8600E+01  1.1450E+01  1.8541E+01 -7.0914E+00 -5.4110E-01
  8.0000E+00  5.8600E+01  1.2985E+01  1.8586E+01 -5.6012E+00 -2.2863E-02
  8.0000E+00  5.8600E+01  1.3505E+01  1.8402E+01 -4.8974E+00  1.7470E-01
  8.0000E+00  5.8600E+01  1.3047E+01  1.8096E+01 -5.0486E+00  4.0604E-02
  8.0000E+00  5.8600E+01  1.0564E+01  1.7725E+01 -7.1609E+00 -8.1280E-01
  8.0000E+00  5.8600E+01  1.2683E+01  1.7324E+01 -4.6405E+00  2.2011E-02
  8.0000E+00  5.8600E+01  8.6373E+00  1.6910E+01 -8.2726E+00 -1.3578E+00
  8.0000E+00  5.8600E+01  1.1059E+01  1.6494E+01 -5.4351E+00 -4.2005E-01
  8.0000E+00  5.8600E+01  8.8038E+00  1.4890E+01 -6.0859E+00 -9.0494E-01
  8.0000E+00  5.8600E+01  1.0215E+01  1.0916E+01 -7.0140E-01  2.7758E-01
  8.0000E+00  5.8600E+01  9.1337E+00  8.0022E+00  1.1315E+00  4.7696E-01
  8.0000E+00  5.8600E+01  7.4354E+00  5.8659E+00  1.5695E+00  4.0866E-01
  8.0000E+00  5.8600E+01  2.7340E+00  4.3000E+00 -1.5660E+00 -5.1609E-01
  8.0000E+00  5.8600E+01  3.1525E+00  3.1521E+00  4.1998E-04 -1.3650E-01
  9.0000E+00  4.3500E+01  0.0000E+00  0.0000E+00  0.0000E+00  0.0000E+00
  9.0000E+00  4.3500E+01  8.7304E-01  0.0000E+00  8.7304E-01  2.1138E-01
  9.0000E+00  4.3500E+01  9.3326E+00  9.3361E+00 -3.5411E-03 -6.8289E-01
  9.0000E+00  4.3500E+01  1.8401E+01  1.4385E+01  4.0162E+00  1.3285E-01
  9.0000E+00  4.3500E+01  1.8791E+01  1.7031E+01  1.7599E+00 -9.1464E-01
  9.0000E+00  4.3500E+01  2.2161E+01  1.8333E+01  3.8282E+00 -3.1898E-01
  9.0000E+00  4.3500E+01  2.5832E+01  1.8884E+01  6.9483E+00  7.8204E-01
  9.0000E+00  4.3500E+01  2.7124E+01  1.9017E+01  8.1072E+00  1.1994E+00
  9.0000E+00  4.3500E+01  2.4099E+01  1.8919E+01  5.1799E+00  9.7427E-02
  9.0000E+00  4.3500E+01  2.5978E+01  1.8695E+01  7.2826E+00  8.9681E-01
  9.0000E+00  4.3500E+01  2.6581E+01  1.8404E+01  8.1767E+00  1.2428E+00
  9.0000E+00  4.3500E+01  2.0701E+01  1.8079E+01  2.6220E+00 -7.8802E-01
  9.0000E+00  4.3500E+01  2.3277E+01  1.7738E+01  5.5394E+00  3.0958E-01
  9.0000E+00  4.3500E+01  2.4942E+01  1.7391E+01  7.5515E+00  1.0614E+00
  9.0000E+00  4.3500E+01  1.9075E+01  1.6027E+01  3.0483E+00 -4.4286E-01
  9.0000E+00  4.3500E+01  1.4777E+01  1.2504E+01  2.2732E+00 -3.8918E-01
  9.0000E+00  4.3500E+01  1.6292E+01  9.7540E+00  6.5380E+00  1.1136E+00
  9.0000E+00  4.3500E+01  1.3662E+01  7.6089E+00  6.0531E+00  1.0801E+00
  9.0000E+00  4.3500E+01  1.3293E+01  5.9356E+00  7.3574E+00  1.5202E+00
  9.0000E+00  4.3500E+01  6.0762E+00  4.6302E+00  1.4460E+00  2.7227E-03
  1.0000E+01  4.3900E+01  0.0000E+00  0.0000E+00  0.0000E+00  0.0000E+00
  1.0000E+01  4.3900E+01 -3.7150E-01  0.0000E+00 -3.7150E-01 -8.9945E-02
  1.0000E+01  4.3900E+01  6.5295E+00  9.3354E+00 -2.8059E+00 -7.5693E-02
  1.0000E+01  4.3900E+01  4.7900E+00  1.4382E+01 -9.5924E+00 -1.8804E+00
  1.0000E+01  4.3900E+01  1.3608E+01  1.7026E+01 -3.4185E+00  4.3755E-01
  1.0000E+01  4.3900E+01  1.5042E+01  1.8326E+01 -3.2838E+00  6.1568E-01
  1.0000E+01  4.3900E+01  1.0515E+01  1.8874E+01 -8.3592E+00 -1.2467E+00
  1.0000E+01  4.3900E+01  1.7271E+01  1.9005E+01 -1.7339E+00  1.2264E+00
  1.0000E+01  4.3900E+01  1.2888E+01  1.8905E+01 -6.0167E+00 -4.2658E-01
  1.0000E+01  4.3900E+01  1.0862E+01  1.8679E+01 -7.8166E+00 -1.1510E+00
  1.0000E+01  4.3900E+01  1.1253E+01  1.8385E+01 -7.1323E+00 -9.4857E-01
  1.0000E+01  4.3900E+01  1.5143E+01  1.8058E+01 -2.9147E+00  5.4914E-01
  1.0000E+01  4.3900E+01  1.3918E+01  1.7714E+01 -3.7963E+00  1.6085E-01
  1.0000E+01  4.3900E+01  1.1673E+01  1.7365E+01 -5.6922E+00 -5.8671E-01
  1.0000E+01  4.3900E+01  1.4497E+01  1.5994E+01 -1.4973E+00  6.7593E-01
  1.0000E+01  4.3900E+01  8.3015E+00  1.2457E+01 -4.1557E+00 -7.0256E-01
  1.0000E+01  4.3900E+01  7.3889E+00  9.7010E+00 -2.3121E+00 -4.0041E-01
  1.0000E+01  4.3900E+01  6.0079E+00  7.5546E+00 -1.5467E+00 -3.4446E-01
  1.0000E+01  4.3900E+01  6.8062E+00  5.8832E+00  9.2303E-01  2.3379E-01
  1.0000E+01  4.3900E+01  5.6810E+00  4.5815E+00  1.0995E+00  2.1136E-01
  1.1000E+01  6.9500E+01  0.0000E+00  0.0000E+00  0.0000E+00  0.0000E+00
  1.1000E+01  6.9500E+01 -5.6842E-01  0.0000E+00 -5.6842E-01 -1.3762E-01
  1.1000E+01  6.9500E+01  1.4825E+01  9.2918E+00  5.5332E+00  7.7057E-01
  1.1000E+01  6.9500E+01  2.0806E+01  1.4238E+01  6.5684E+00  7.1479E-01
  1.1000E+01  6.9500E+01  2.2776E+01  1.6752E+01  6.0241E+00  3.4574E-01
  1.1000E+01  6.9500E+01  2.5909E+01  1.7909E+01  7.9999E+00  1.0274E+00
  1.1000E+01  6.9500E+01  2.6750E+01  1.8312E+01  8.4379E+00  1.2502E+00
  1.1000E+01  6.9500E+01  2.2268E+01  1.8299E+01  3.9692E+00 -3.0068E-01
  1.1000E+01  6.9500E+01  2.1373E+01  1.8059E+01  3.3141E+00 -4.1383E-01
  1.1000E+01  6.9500E+01  2.2413E+01  1.7698E+01  4.7145E+00  2.3564E-01
  1.1000E+01  6.9500E+01  2.0015E+01  1.7277E+01  2.7380E+00 -3.4347E-01
  1.1000E+01  6.9500E+01  2.0055E+01  1.6828E+01  3.2274E+00 -3.2590E-02
  1.1000E+01  6.9500E+01  2.1338E+01  1.6369E+01  4.9693E+00  7.0808E-01
  1.1000E+01  6.9500E+01  1.7573E+01  1.5910E+01  1.6625E+00 -3.3151E-01
  1.1000E+01  6.9500E+01  1.3612E+01  1.4162E+01 -5.5009E-01 -6.5003E-01
  1.1000E+01  6.9500E+01  5.6619E+00  9.9521E+00 -4.2902E+00 -1.0164E+00
  1.1000E+01  6.9500E+01  8.5935E-01  6.9926E+00 -6.1332E+00 -1.1816E+00
  1.1000E+01  6.9500E+01  2.6520E+00  4.9131E+00 -2.2611E+00 -9.7085E-03
  1.1000E+01  6.9500E+01  1.9017E+00  3.4521E+00 -1.5504E+00  1.6243E-01
  1.1000E+01  6.9500E+01  3.0592E-01  2.4255E+00 -2.1196E+00 -4.0798E-02
  1.2000E+01  6.9600E+01  0.0000E+00  0.0000E+00  0.0000E+00  0.0000E+00
  1.2000E+01  6.9600E+01  6.9916E-01  0.0000E+00  6.9916E-01  1.6928E-01
  1.2000E+01  6.9600E+01  7.5569E+00  9.2917E+00 -1.7348E+00  4.5761E-02
  1.2000E+01  6.9600E+01  1.1316E+01  1.4237E+01 -2.9211E+00 -1.9564E-02
  1.2000E+01  6.9600E+01  1.1144E+01  1.6751E+01 -5.6069E+00 -8.2447E-01
  1.2000E+01  6.9600E+01  1.2664E+01  1.7908E+01 -5.2436E+00 -6.8289E-01
  1.2000E+01  6.9600E+01  1.3131E+01  1.8310E+01 -5.1790E+00 -6.9628E-01
  1.2000E+01  6.9600E+01  1.6421E+01  1.8296E+01 -1.8753E+00  4.6189E-01
  1.2000E+01  6.9600E+01  1.4409E+01  1.8056E+01 -3.6468E+00 -2.7168E-01
  1.2000E+01  6.9600E+01  1.6692E+01  1.7695E+01 -1.0030E+00  6.0871E-01
  1.2000E+01  6.9600E+01  1.5315E+01  1.7273E+01 -1.9581E+00  1.7159E-01
  1.2000E+01  6.9600E+01  1.4247E+01  1.6823E+01 -2.5762E+00 -1.3476E-01
  1.2000E+01  6.9600E+01  9.6188E+00  1.6364E+01 -6.7452E+00 -1.6820E+00
  1.2000E+01  6.9600E+01  1.6966E+01  1.5905E+01  1.0607E+00  9.7869E-01
  1.2000E+01  6.9600E+01  1.4428E+01  1.4156E+01  2.7228E-01  4.1673E-01
  1.2000E+01  6.9600E+01  1.0853E+01  9.9439E+00  9.0914E-01  1.2507E-01
  1.2000E+01  6.9600E+01  1.2252E+01  6.9841E+00  5.2679E+00  1.1537E+00
  1.2000E+01  6.9600E+01  7.5679E+00  4.9053E+00  2.6626E+00  3.4942E-01
  1.2000E+01  6.9600E+01  5.2946E+00  3.4453E+00  1.8493E+00  1.3318E-01
  1.2000E+01  6.9600E+01  1.4880E+00  2.4198E+00 -9.3179E-01 -5.4289E-01
  1.3000E+01  4.9500E+01  0.0000E+00  0.0000E+00  0.0000E+00  0.0000E+00
  1.3000E+01  4.9500E+01 -3.2042E-01  0.0000E+00 -3.2042E-01 -7.7578E-02
  1.3000E+01  4.9500E+01  6.7460E+00  9.3254E+00 -2.5794E+00  4.4547E-01
  1.3000E+01  4.9500E+01  8.6614E+00  1.4349E+01 -5.6877E+00  2.0779E-01
  1.3000E+01  4.9500E+01  8.3299E+00  1.6963E+01 -8.6332E+00 -4.3343E-01
  1.3000E+01  4.9500E+01  8.7517E+00  1.8229E+01 -9.4777E+00 -5.9115E-01
  1.3000E+01  4.9500E+01  6.7008E+00  1.8744E+01 -1.2043E+01 -1.5232E+00
  1.3000E+01  4.9500E+01  1.2519E+01  1.8841E+01 -6.3215E+00  5.7735E-01
  1.3000E+01  4.9500E+01  9.3268E+00  1.8707E+01 -9.3805E+00 -6.4737E-01
  1.3000E+01  4.9500E+01  1.1918E+01  1.8449E+01 -6.5311E+00  3.1629E-01
  1.3000E+01  4.9500E+01  9.9731E+00  1.8125E+01 -8.1519E+00 -3.9131E-01
  1.3000E+01  4.9500E+01  7.5797E+00  1.7768E+01 -1.0188E+01 -1.2415E+00
  1.3000E+01  4.9500E+01  7.9599E+00  1.7396E+01 -9.4364E+00 -1.0669E+00
  1.3000E+01  4.9500E+01  1.3055E+01  1.7020E+01 -3.9653E+00  7.9702E-01
  1.3000E+01  4.9500E+01  7.5450E+00  1.5554E+01 -8.0094E+00 -1.0094E+00
  1.3000E+01  4.9500E+01  1.0013E+01  1.1833E+01 -1.8195E+00  2.3829E-01
  1.3000E+01  4.9500E+01  5.4839E+00  9.0000E+00 -3.5161E+00 -7.3618E-01
  1.3000E+01  4.9500E+01  8.2221E+00  6.8455E+00  1.3766E+00  3.9793E-01
  1.3000E+01  4.9500E+01  6.4078E+00  5.2068E+00  1.2010E+00  1.8881E-01
  1.3000E+01  4.9500E+01  4.9566E+00  3.9604E+00  9.9624E-01  5.5299E-02
  1.4000E+01  4.6100E+01  0.0000E+00  0.0000E+00  0.0000E+00  0.0000E+00
  1.4000E+01  4.6100E+01 -1.0504E+00  0.0000E+00 -1.0504E+00 -2.5432E-01
  1.4000E+01  4.6100E+01  5.8911E+00  9.3314E+00 -3.4403E+00  5.5300E-02
  1.4000E+01  4.6100E+01  7.8781E+00  1.4369E+01 -6.4911E+00 -2.8532E-01
  1.4000E+01  4.6100E+01  1.1491E+01  1.7001E+01 -5.5103E+00  4.1467E-01
  1.4000E+01  4.6100E+01  7.3182E+00  1.8288E+01 -1.0969E+01 -1.4044E+00
  1.4000E+01  4.6100E+01  9.3346E+00  1.8822E+01 -9.4878E+00 -8.0703E-01
  1.4000E+01  4.6100E+01  1.2041E+01  1.8940E+01 -6.8985E+00  1.6182E-01
  1.4000E+01  4.6100E+01  1.5854E+01  1.8826E+01 -2.9722E+00  1.5968E+00
  1.4000E+01  4.6100E+01  1.0822E+01  1.8587E+01 -7.7653E+00 -2.5575E-01
  1.4000E+01  4.6100E+01  9.2415E+00  1.8282E+01 -9.0401E+00 -7.9096E-01
  1.4000E+01  4.6100E+01  8.2463E+00  1.7942E+01 -9.6959E+00 -1.0941E+00
  1.4000E+01  4.6100E+01  9.9437E+00  1.7587E+01 -7.6438E+00 -4.0848E-01
  1.4000E+01  4.6100E+01  8.5157E+00  1.7228E+01 -8.7119E+00 -8.5915E-01
  1.4000E+01  4.6100E+01  8.6114E+00  1.5818E+01 -7.2070E+00 -5.6337E-01
  1.4000E+01  4.6100E+01  5.0943E+00  1.2206E+01 -7.1114E+00 -1.0543E+00
  1.4000E+01  4.6100E+01  5.2004E+00  9.4168E+00 -4.2164E+00 -5.0416E-01
  1.4000E+01  4.6100E+01  3.4361E+00  7.2651E+00 -3.8290E+00 -6.2001E-01
  1.4000E+01  4.6100E+01  4.1310E+00  5.6051E+00 -1.4741E+00 -1.2401E-01
  1.4000E+01  4.6100E+01  3.2494E+00  4.3244E+00 -1.0750E+00 -1.2485E-01
  1.5000E+01  5.4300E+01  0.0000E+00  0.0000E+00  0.0000E+00  0.0000E+00
  1.5000E+01  5.4300E+01 -1.2576E+00  0.0000E+00 -1.2576E+00 -3.0448E-01
  1.5000E+01  5.4300E+01  6.8983E+00  9.3171E+00 -2.4188E+00 -1.8141E-01
  1.5000E+01  5.4300E+01  8.7259E+00  1.4321E+01 -5.5954E+00 -9.4343E-01
  1.5000E+01  5.4300E+01  1.2060E+01  1.6910E+01 -4.8504E+00 -5.8705E-01
  1.5000E+01  5.4300E+01  1.2764E+01  1.8149E+01 -5.3854E+00 -7.4978E-01
  1.5000E+01  5.4300E+01  1.7664E+01  1.8636E+01 -9.7165E-01  8.7791E-01
  1.5000E+01  5.4300E+01  1.6253E+01  1.8705E+01 -2.4516E+00  2.8770E-01
  1.5000E+01  5.4300E+01  1.5789E+01  1.8544E+01 -2.7552E+00  1.1712E-01
  1.5000E+01  5.4300E+01  1.4210E+01  1.8260E+01 -4.0499E+00 -4.2658E-01
  1.5000E+01  5.4300E+01  1.2709E+01  1.7911E+01 -5.2017E+00 -9.1164E-01
  1.5000E+01  5.4300E+01  1.4782E+01  1.7530E+01 -2.7477E+00 -7.8429E-02
  1.5000E+01  5.4300E+01  1.3680E+01  1.7135E+01 -3.4554E+00 -3.9652E-01
  1.5000E+01  5.4300E+01  1.8359E+01  1.6738E+01  1.6211E+00  1.3508E+00
  1.5000E+01  5.4300E+01  1.2386E+01  1.5197E+01 -2.8106E+00 -4.3372E-01
  1.5000E+01  5.4300E+01  1.1557E+01  1.1335E+01  2.2172E-01  1.3139E-01
  1.5000E+01  5.4300E+01  8.9367E+00  8.4538E+00  4.8285E-01 -1.4742E-02
  1.5000E+01  5.4300E+01  9.1989E+00  6.3049E+00  2.8940E+00  5.5015E-01
  1.5000E+01  5.4300E+01  8.1492E+00  4.7022E+00  3.4470E+00  6.4118E-01
  1.5000E+01  5.4300E+01  3.2366E+00  3.5069E+00 -2.7028E-01 -3.4210E-01
  1.6000E+01  3.0200E+01  0.0000E+00  0.0000E+00  0.0000E+00  0.0000E+00
  1.6000E+01  3.0200E+01  2.9605E-01  0.0000E+00  2.9605E-01  7.1678E-02
  1.6000E+01  3.0200E+01  1.2864E+01  9.3615E+00  3.5025E+00  6.7814E-01
  1.6000E+01  3.0200E+01  1.9816E+01  1.4469E+01  5.3466E+00  1.1572E+00
  1.6000E+01  3.0200E+01  2.0708E+01  1.7192E+01  3.5157E+00  4.5860E-01
  1.6000E+01  3.0200E+01  2.0340E+01  1.8579E+01  1.7611E+00 -2.4039E-01
  1.6000E+01  3.0200E+01  1.9966E+01  1.9218E+01  7.4839E-01 -6.5465E-01
  1.6000E+01  3.0200E+01  1.8822E+01  1.9439E+01 -6.1683E-01 -1.1839E+00
  1.6000E+01  3.0200E+01  2.3543E+01  1.9428E+01  4.1152E+00  6.2460E-01
  1.6000E+01  3.0200E+01  2.1939E+01  1.9289E+01  2.6503E+00  8.0223E-02
  1.6000E+01  3.0200E+01  2.4493E+01  1.9080E+01  5.4134E+00  1.1404E+00
  1.6000E+01  3.0200E+01  2.3563E+01  1.8833E+01  4.7297E+00  8.9546E-01
  1.6000E+01  3.0200E+01  2.2517E+01  1.8568E+01  3.9488E+00  6.1771E-01
  1.6000E+01  3.0200E+01  1.6775E+01  1.8295E+01 -1.5195E+00 -1.3915E+00
  1.6000E+01  3.0200E+01  2.0776E+01  1.7196E+01  3.5797E+00  5.5669E-01
  1.6000E+01  3.0200E+01  1.2688E+01  1.4238E+01 -1.5502E+00 -1.0185E+00
  1.6000E+01  3.0200E+01  1.2005E+01  1.1787E+01  2.1757E-01 -2.7569E-01
  1.6000E+01  3.0200E+01  9.5967E+00  9.7585E+00 -1.6183E-01 -2.8290E-01
  1.6000E+01  3.0200E+01  1.1326E+01  8.0788E+00  3.2472E+00  7.7385E-01
  1.6000E+01  3.0200E+01  1.1408E+01  6.6883E+00  4.7197E+00  1.2085E+00
  1.7000E+01  4.4900E+01  0.0000E+00  0.0000E+00  0.0000E+00  0.0000E+00
  1.7000E+01  4.4900E+01  1.5452E+00  0.0000E+00  1.5452E+00  3.7411E-01
  1.7000E+01  4.4900E+01  6.3148E+00  9.3336E+00 -3.0188E+00 -1.9024E-01
  1.7000E+01  4.4900E+01  1.1782E+01  1.4376E+01 -2.5944E+00  3.5899E-01
  1.7000E+01  4.4900E+01  1.0068E+01  1.7015E+01 -6.9470E+00 -9.3261E-01
  1.7000E+01  4.4900E+01  1.0811E+01  1.8308E+01 -7.4973E+00 -1.0637E+00
  1.7000E+01  4.4900E+01  1.4761E+01  1.8851E+01 -4.0895E+00  2.2486E-01
  1.7000E+01  4.4900E+01  1.2888E+01  1.8975E+01 -6.0870E+00 -5.4073E-01
  1.7000E+01  4.4900E+01  1.2712E+01  1.8869E+01 -6.1568E+00 -6.0427E-01
  1.7000E+01  4.4900E+01  1.4478E+01  1.8637E+01 -4.1589E+00  9.4653E-02
  1.7000E+01  4.4900E+01  1.1640E+01  1.8338E+01 -6.6979E+00 -9.0284E-01
  1.7000E+01  4.4900E+01  1.4605E+01  1.8005E+01 -3.4000E+00  2.5882E-01
  1.7000E+01  4.4900E+01  1.3470E+01  1.7656E+01 -4.1863E+00 -8.7582E-02
  1.7000E+01  4.4900E+01  1.6893E+01  1.7302E+01 -4.0931E-01  1.2196E+00
  1.7000E+01  4.4900E+01  1.2601E+01  1.5914E+01 -3.3128E+00 -4.0002E-02
  1.7000E+01  4.4900E+01  9.3644E+00  1.2342E+01 -2.9775E+00 -3.6747E-01
  1.7000E+01  4.4900E+01  7.5676E+00  9.5703E+00 -2.0027E+00 -3.2379E-01
  1.7000E+01  4.4900E+01  4.8312E+00  7.4212E+00 -2.5900E+00 -6.3958E-01
  1.7000E+01  4.4900E+01  4.8111E+00  5.7547E+00 -9.4357E-01 -2.6732E-01
  1.7000E+01  4.4900E+01  6.3611E+00  4.4624E+00  1.8987E+00  4.3566E-01
  1.8000E+01  4.7100E+01  0.0000E+00  0.0000E+00  0.0000E+00  0.0000E+00
  1.8000E+01  4.7100E+01  3.1204E-01  0.0000E+00  3.1204E-01  7.5549E-02
  1.8000E+01  4.7100E+01  6.9726E+00  9.3297E+00 -2.3571E+00  6.4646E-03
  1.8000E+01  4.7100E+01  8.1525E+00  1.4363E+01 -6.2107E+00 -8.5589E-01
  1.8000E+01  4.7100E+01  1.2120E+01  1.6990E+01 -4.8700E+00 -2.3187E-01
  1.8000E+01  4.7100E+01  1.2662E+01  1.8270E+01 -5.6083E+00 -4.4261E-01
  1.8000E+01  4.7100E+01  1.2470E+01  1.8799E+01 -6.3291E+00 -7.3028E-01
  1.8000E+01  4.7100E+01  9.3747E+00  1.8910E+01 -9.5355E+00 -1.9933E+00
  1.8000E+01  4.7100E+01  1.8400E+01  1.8791E+01 -3.9089E-01  1.3596E+00
  1.8000E+01  4.7100E+01  1.4095E+01  1.8546E+01 -4.4513E+00 -2.4996E-01
  1.8000E+01  4.7100E+01  1.3996E+01  1.8235E+01 -4.2391E+00 -2.6218E-01
  1.8000E+01  4.7100E+01  1.6603E+01  1.7890E+01 -1.2875E+00  7.2912E-01
  1.8000E+01  4.7100E+01  1.4755E+01  1.7531E+01 -2.7757E+00  9.2006E-02
  1.8000E+01  4.7100E+01  1.6253E+01  1.7166E+01 -9.1299E-01  6.7393E-01
  1.8000E+01  4.7100E+01  1.2588E+01  1.5740E+01 -3.1518E+00 -4.3329E-01
  1.8000E+01  4.7100E+01  1.2801E+01  1.2094E+01  7.0697E-01  2.2168E-01
  1.8000E+01  4.7100E+01  1.2319E+01  9.2914E+00  3.0276E+00  5.7115E-01
  1.8000E+01  4.7100E+01  1.1550E+01  7.1383E+00  4.4117E+00  7.7360E-01
  1.8000E+01  4.7100E+01  8.9685E+00  5.4841E+00  3.4844E+00  4.3093E-01
  1.8000E+01  4.7100E+01  6.7483E+00  4.2133E+00  2.5350E+00  1.6043E-01
  1.9000E+01  5.4600E+01  0.0000E+00  0.0000E+00  0.0000E+00  0.0000E+00
  1.9000E+01  5.4600E+01 -3.2296E-01  0.0000E+00 -3.2296E-01 -7.8193E-02
  1.9000E+01  5.4600E+01  1.4465E+01  9.3166E+00  5.1484E+00 -3.0123E-01
  1.9000E+01  5.4600E+01  2.6456E+01  1.4320E+01  1.2136E+01  8.7489E-01
  1.9000E+01  5.4600E+01  2.9819E+01  1.6907E+01  1.2912E+01  6.3081E-01
  1.9000E+01  5.4600E+01  2.8395E+01  1.8144E+01  1.0251E+01 -5.6517E-01
  1.9000E+01  5.4600E+01  3.1180E+01  1.8629E+01  1.2551E+01  2.4571E-01
  1.9000E+01  5.4600E+01  3.4463E+01  1.8696E+01  1.5767E+01  1.5219E+00
  1.9000E+01  5.4600E+01  3.2464E+01  1.8534E+01  1.3930E+01  9.6586E-01
  1.9000E+01  5.4600E+01  3.0248E+01  1.8248E+01  1.2000E+01  4.0763E-01
  1.9000E+01  5.4600E+01  3.1240E+01  1.7898E+01  1.3342E+01  1.0698E+00
  1.9000E+01  5.4600E+01  2.9189E+01  1.7515E+01  1.1674E+01  6.3012E-01
  1.9000E+01  5.4600E+01  3.3009E+01  1.7119E+01  1.5890E+01  2.3115E+00
  1.9000E+01  5.4600E+01  2.4518E+01  1.6721E+01  7.7974E+00 -4.2027E-01
  1.9000E+01  5.4600E+01  2.1881E+01  1.5175E+01  6.7062E+00 -1.7836E-01
  1.9000E+01  5.4600E+01  1.3470E+01  1.1305E+01  2.1647E+00 -3.7160E-01
  1.9000E+01  5.4600E+01  8.9478E+00  8.4212E+00  5.2657E-01 -1.4824E-01
  1.9000E+01  5.4600E+01  5.9032E+00  6.2729E+00 -3.6973E-01 -1.9478E-02
  1.9000E+01  5.4600E+01  5.0676E+00  4.6727E+00  3.9493E-01  3.7451E-01
  1.9000E+01  5.4600E+01  3.2325E+00  3.4806E+00 -2.4815E-01  2.8294E-01
  2.0000E+01  5.0700E+01  0.0000E+00  0.0000E+00  0.0000E+00  0.0000E+00
  2.0000E+01  5.0700E+01  5.0709E-02  0.0000E+00  5.0709E-02  1.2277E-02
  2.0000E+01  5.0700E+01  5.1043E+00  9.3233E+00 -4.2190E+00 -9.7244E-01
  2.0000E+01  5.0700E+01  1.1996E+01  1.4342E+01 -2.3461E+00 -2.9777E-01
  2.0000E+01  5.0700E+01  1.5094E+01  1.6950E+01 -1.8558E+00 -3.6970E-02
  2.0000E+01  5.0700E+01  1.5925E+01  1.8209E+01 -2.2842E+00 -1.3341E-01
  2.0000E+01  5.0700E+01  2.0068E+01  1.8716E+01  1.3516E+00  1.2575E+00
  2.0000E+01  5.0700E+01  1.3769E+01  1.8806E+01 -5.0371E+00 -1.1126E+00
  2.0000E+01  5.0700E+01  1.3709E+01  1.8666E+01 -4.9570E+00 -1.0696E+00
  2.0000E+01  5.0700E+01  1.6929E+01  1.8401E+01 -1.4722E+00  2.3474E-01
  2.0000E+01  5.0700E+01  1.6226E+01  1.8071E+01 -1.8447E+00  9.6627E-02
  2.0000E+01  5.0700E+01  1.3739E+01  1.7708E+01 -3.9685E+00 -6.7976E-01
  2.0000E+01  5.0700E+01  1.8221E+01  1.7330E+01  8.9090E-01  1.0793E+00
  2.0000E+01  5.0700E+01  1.3661E+01  1.6949E+01 -3.2876E+00 -4.2859E-01
  2.0000E+01  5.0700E+01  1.5054E+01  1.5463E+01 -4.0939E-01  5.6110E-01
  2.0000E+01  5.0700E+01  9.1650E+00  1.1705E+01 -2.5401E+00 -2.2208E-01
  2.0000E+01  5.0700E+01  4.2707E+00  8.8590E+00 -4.5883E+00 -8.7640E-01
  2.0000E+01  5.0700E+01  2.5677E+00  6.7049E+00 -4.1372E+00 -7.7476E-01
  2.0000E+01  5.0700E+01  1.6778E+00  5.0746E+00 -3.3968E+00 -6.0727E-01
  2.0000E+01  5.0700E+01  9.3494E-01  3.8407E+00 -2.9058E+00 -5.1348E-01
  2.1000E+01  5.8200E+01  0.0000E+00  0.0000E+00  0.0000E+00  0.0000E+00
  2.1000E+01  5.8200E+01 -6.3680E-01  0.0000E+00 -6.3680E-01 -1.5418E-01
  2.1000E+01  5.8200E+01  6.3595E+00  9.3104E+00 -2.9509E+00 -7.8268E-01
  2.1000E+01  5.8200E+01  1.5855E+01  1.4299E+01  1.5557E+00  6.6693E-01
  2.1000E+01  5.8200E+01  1.5698E+01  1.6869E+01 -1.1706E+00 -2.2927E-01
  2.1000E+01  5.8200E+01  1.5805E+01  1.8086E+01 -2.2809E+00 -6.3508E-01
  2.1000E+01  5.8200E+01  1.6053E+01  1.8550E+01 -2.4971E+00 -7.2451E-01
  2.1000E+01  5.8200E+01  1.6503E+01  1.8597E+01 -2.0941E+00 -5.8173E-01
  2.1000E+01  5.8200E+01  2.0913E+01  1.8415E+01  2.4976E+00  1.1163E+00
  2.1000E+01  5.8200E+01  1.9193E+01  1.8111E+01  1.0824E+00  5.7681E-01
  2.1000E+01  5.8200E+01  1.8181E+01  1.7742E+01  4.3902E-01  3.2647E-01
  2.1000E+01  5.8200E+01  1.5875E+01  1.7342E+01 -1.4675E+00 -3.7569E-01
  2.1000E+01  5.8200E+01  1.8073E+01  1.6931E+01  1.1425E+00  5.5120E-01
  2.1000E+01  5.8200E+01  1.6874E+01  1.6516E+01  3.5761E-01  2.5827E-01
  2.1000E+01  5.8200E+01  1.3723E+01  1.4918E+01 -1.1948E+00 -3.1221E-01
  2.1000E+01  5.8200E+01  7.5339E+00  1.0954E+01 -3.4205E+00 -1.0298E+00
  2.1000E+01  5.8200E+01  9.5438E+00  8.0428E+00  1.5010E+00  4.1749E-01
  2.1000E+01  5.8200E+01  6.1862E+00  5.9051E+00  2.8108E-01  4.9066E-02
  2.1000E+01  5.8200E+01  4.8479E+00  4.3356E+00  5.1230E-01  1.0247E-01
  2.1000E+01  5.8200E+01  3.7991E+00  3.1832E+00  6.1586E-01  1.2588E-01
  2.2000E+01  5.2600E+01  0.0000E+00  0.0000E+00  0.0000E+00  0.0000E+00
  2.2000E+01  5.2600E+01 -3.6637E-01  0.0000E+00 -3.6637E-01 -8.8703E-02
  2.2000E+01  5.2600E+01  1.0344E+01  9.3200E+00  1.0240E+00  1.1142E-01
  2.2000E+01  5.2600E+01  1.6229E+01  1.4331E+01  1.8979E+00  3.0981E-01
  2.2000E+01  5.2600E+01  1.7370E+01  1.6929E+01  4.4106E-01 -2.2869E-01
  2.2000E+01  5.2600E+01  1.8243E+01  1.8177E+01  6.5545E-02 -3.7537E-01
  2.2000E+01  5.2600E+01  2.4027E+01  1.8674E+01  5.3534E+00  1.6147E+00
  2.2000E+01  5.2600E+01  2.1692E+01  1.8752E+01  2.9398E+00  7.5201E-01
  2.2000E+01  5.2600E+01  1.8074E+01  1.8601E+01 -5.2733E-01 -5.0217E-01
  2.2000E+01  5.2600E+01  1.9617E+01  1.8326E+01  1.2908E+00  2.1773E-01
  2.2000E+01  5.2600E+01  1.7450E+01  1.7986E+01 -5.3574E-01 -4.1199E-01
  2.2000E+01  5.2600E+01  1.4898E+01  1.7613E+01 -2.7151E+00 -1.1592E+00
  2.2000E+01  5.2600E+01  2.0362E+01  1.7227E+01  3.1354E+00  9.9931E-01
  2.2000E+01  5.2600E+01  1.4467E+01  1.6837E+01 -2.3696E+00 -9.3560E-01
  2.2000E+01  5.2600E+01  1.4981E+01  1.5321E+01 -3.4045E-01 -7.4513E-02
  2.2000E+01  5.2600E+01  8.8459E+00  1.1508E+01 -2.6617E+00 -5.5969E-01
  2.2000E+01  5.2600E+01  7.6807E+00  8.6419E+00 -9.6124E-01  7.1227E-02
  2.2000E+01  5.2600E+01  2.8642E+00  6.4899E+00 -3.6257E+00 -6.3979E-01
  2.2000E+01  5.2600E+01  1.9533E+00  4.8737E+00 -2.9204E+00 -4.3576E-01
  2.2000E+01  5.2600E+01  1.8236E+00  3.6600E+00 -1.8364E+00 -1.6728E-01
  2.3000E+01  4.8800E+01  0.0000E+00  0.0000E+00  0.0000E+00  0.0000E+00
  2.3000E+01  4.8800E+01  1.8423E+00  0.0000E+00  1.8423E+00  4.4605E-01
  2.3000E+01  4.8800E+01  1.1117E+01  9.3266E+00  1.7904E+00  2.3885E-01
  2.3000E+01  4.8800E+01  1.9169E+01  1.4353E+01  4.8158E+00  1.0985E+00
  2.3000E+01  4.8800E+01  1.7697E+01  1.6971E+01  7.2607E-01 -3.7417E-01
  2.3000E+01  4.8800E+01  2.1983E+01  1.8241E+01  3.7417E+00  6.8333E-01
  2.3000E+01  4.8800E+01  2.2164E+01  1.8760E+01  3.4042E+00  5.5933E-01
  2.3000E+01  4.8800E+01  1.7968E+01  1.8861E+01 -8.9273E-01 -1.0407E+00
  2.3000E+01  4.8800E+01  2.1914E+01  1.8732E+01  3.1825E+00  5.0633E-01
  2.3000E+01  4.8800E+01  2.2512E+01  1.8477E+01  4.0347E+00  8.4436E-01
  2.3000E+01  4.8800E+01  2.0095E+01  1.8157E+01  1.9381E+00  9.0523E-02
  2.3000E+01  4.8800E+01  1.9219E+01  1.7803E+01  1.4156E+00 -7.4449E-02
  2.3000E+01  4.8800E+01  1.8926E+01  1.7435E+01  1.4908E+00 -1.9929E-02
  2.3000E+01  4.8800E+01  1.6634E+01  1.7062E+01 -4.2850E-01 -6.8218E-01
  2.3000E+01  4.8800E+01  1.5448E+01  1.5608E+01 -1.6001E-01 -4.7148E-01
  2.3000E+01  4.8800E+01  1.0097E+01  1.1908E+01 -1.8109E+00 -7.5789E-01
  2.3000E+01  4.8800E+01  1.0283E+01  9.0837E+00  1.1993E+00  2.8780E-01
  2.3000E+01  4.8800E+01  7.5491E+00  6.9293E+00  6.1982E-01  1.7598E-01
  2.3000E+01  4.8800E+01  7.1956E+00  5.2858E+00  1.9098E+00  5.5277E-01
  2.3000E+01  4.8800E+01  5.4852E+00  4.0322E+00  1.4530E+00  4.3603E-01
  2.4000E+01  5.0600E+01  0.0000E+00  0.0000E+00  0.0000E+00  0.0000E+00
  2.4000E+01  5.0600E+01 -6.2445E-01  0.0000E+00 -6.2445E-01 -1.5119E-01
  2.4000E+01  5.0600E+01  1.3398E+01  9.3235E+00  4.0745E+00  2.0979E-01
  2.4000E+01  5.0600E+01  2.0635E+01  1.4343E+01  6.2923E+00  3.8607E-01
  2.4000E+01  5.0600E+01  2.4592E+01  1.6951E+01  7.6411E+00  6.0802E-01
  2.4000E+01  5.0600E+01  2.9019E+01  1.8211E+01  1.0808E+01  1.7058E+00
  2.4000E+01  5.0600E+01  2.7174E+01  1.8719E+01  8.4553E+00  8.7804E-01
  2.4000E+01  5.0600E+01  2.4045E+01  1.8809E+01  5.2360E+00 -2.3655E-01
  2.4000E+01  5.0600E+01  2.5106E+01  1.8669E+01  6.4366E+00  3.3302E-01
  2.4000E+01  5.0600E+01  2.6261E+01  1.8405E+01  7.8558E+00  9.9205E-01
  2.4000E+01  5.0600E+01  2.1333E+01  1.8075E+01  3.2578E+00 -5.6997E-01
  2.4000E+01  5.0600E+01  2.4573E+01  1.7713E+01  6.8604E+00  8.8671E-01
  2.4000E+01  5.0600E+01  1.6318E+01  1.7336E+01 -1.0176E+00 -1.8334E+00
  2.4000E+01  5.0600E+01  2.2964E+01  1.6955E+01  6.0094E+00  8.2625E-01
  2.4000E+01  5.0600E+01  1.4390E+01  1.5471E+01 -1.0809E+00 -1.1961E+00
  2.4000E+01  5.0600E+01  8.9000E+00  1.1716E+01 -2.8156E+00 -7.7069E-01
  2.4000E+01  5.0600E+01  4.1904E+00  8.8706E+00 -4.6802E+00 -8.2701E-01
  2.4000E+01  5.0600E+01  2.2517E+00  6.7165E+00 -4.4648E+00 -5.2622E-01
  2.4000E+01  5.0600E+01  8.9925E-01  5.0855E+00 -4.1862E+00 -3.6564E-01
  2.4000E+01  5.0600E+01 -7.6163E-01  3.8505E+00 -4.6122E+00 -4.7480E-01
  2.5000E+01  5.0300E+01  0.0000E+00  0.0000E+00  0.0000E+00  0.0000E+00
  2.5000E+01  5.0300E+01 -2.7706E-01  0.0000E+00 -2.7706E-01 -6.7080E-02
  2.5000E+01  5.0300E+01  1.4937E+01  9.3240E+00  5.6130E+00  2.2607E-01
  2.5000E+01  5.0300E+01  2.2370E+01  1.4344E+01  8.0256E+00  1.9632E-01
  2.5000E+01  5.0300E+01  2.7784E+01  1.6954E+01  1.0830E+01  7.7134E-01
  2.5000E+01  5.0300E+01  3.3748E+01  1.8216E+01  1.5532E+01  2.3671E+00
  2.5000E+01  5.0300E+01  3.0535E+01  1.8726E+01  1.1809E+01  1.0115E+00
  2.5000E+01  5.0300E+01  2.8792E+01  1.8818E+01  9.9744E+00  4.1675E-01
  2.5000E+01  5.0300E+01  2.7233E+01  1.8680E+01  8.5533E+00  2.0492E-02
  2.5000E+01  5.0300E+01  2.7830E+01  1.8417E+01  9.4129E+00  4.9722E-01
  2.5000E+01  5.0300E+01  2.9673E+01  1.8089E+01  1.1584E+01  1.4584E+00
  2.5000E+01  5.0300E+01  2.3075E+01  1.7728E+01  5.3474E+00 -6.6418E-01
  2.5000E+01  5.0300E+01  2.5532E+01  1.7352E+01  8.1799E+00  5.2844E-01
  2.5000E+01  5.0300E+01  1.8616E+01  1.6972E+01  1.6435E+00 -1.6582E+00
  2.5000E+01  5.0300E+01  1.8537E+01  1.5494E+01  3.0434E+00 -5.5877E-01
  2.5000E+01  5.0300E+01  1.1197E+01  1.1747E+01 -5.5035E-01 -5.4081E-01
  2.5000E+01  5.0300E+01  6.9259E+00  8.9057E+00 -1.9798E+00 -3.3298E-01
  2.5000E+01  5.0300E+01  4.4351E+00  6.7514E+00 -2.3163E+00 -1.0920E-01
  2.5000E+01  5.0300E+01  5.6404E-01  5.1182E+00 -4.5542E+00 -5.7296E-01
  2.5000E+01  5.0300E+01  1.3267E+00  3.8801E+00 -2.5534E+00  1.5636E-03
  2.6000E+01  6.0100E+01  0.0000E+00  0.0000E+00  0.0000E+00  0.0000E+00
  2.6000E+01  6.0100E+01  1.5077E+00  0.0000E+00  1.5077E+00  3.6504E-01
  2.6000E+01  6.0100E+01  1.4251E+01  9.3072E+00  4.9438E+00  8.7290E-01
  2.6000E+01  6.0100E+01  1.8683E+01  1.4289E+01  4.3943E+00  4.6660E-01
  2.6000E+01  6.0100E+01  2.1009E+01  1.6849E+01  4.1604E+00  2.6862E-01
  2.6000E+01  6.0100E+01  2.0798E+01  1.8055E+01  2.7425E+00 -2.6918E-01
  2.6000E+01  6.0100E+01  2.4266E+01  1.8509E+01  5.7569E+00  8.8925E-01
  2.6000E+01  6.0100E+01  2.2509E+01  1.8546E+01  3.9634E+00  3.0224E-01
  2.6000E+01  6.0100E+01  2.5867E+01  1.8354E+01  7.5132E+00  1.7124E+00
  2.6000E+01  6.0100E+01  1.6664E+01  1.8039E+01 -1.3753E+00 -1.4665E+00
  2.6000E+01  6.0100E+01  1.6596E+01  1.7661E+01 -1.0654E+00 -1.2367E+00
  2.6000E+01  6.0100E+01  2.1713E+01  1.7253E+01  4.4599E+00  8.6785E-01
  2.6000E+01  6.0100E+01  1.7280E+01  1.6833E+01  4.4712E-01 -4.7586E-01
  2.6000E+01  6.0100E+01  1.8856E+01  1.6411E+01  2.4451E+00  3.2527E-01
  2.6000E+01  6.0100E+01  1.4259E+01  1.4785E+01 -5.2644E-01 -3.8246E-01
  2.6000E+01  6.0100E+01  8.3436E+00  1.0776E+01 -2.4321E+00 -3.8174E-01
  2.6000E+01  6.0100E+01  2.7162E+00  7.8523E+00 -5.1361E+00 -8.9408E-01
  2.6000E+01  6.0100E+01 -2.2647E-01  5.7219E+00 -5.9484E+00 -9.9985E-01
  2.6000E+01  6.0100E+01  9.1058E-01  4.1696E+00 -3.2590E+00 -2.6716E-01
  2.6000E+01  6.0100E+01 -7.6718E-01  3.0384E+00 -3.8056E+00 -4.4865E-01
  2.7000E+01  5.7200E+01  0.0000E+00  0.0000E+00  0.0000E+00  0.0000E+00
  2.7000E+01  5.7200E+01 -6.5115E-01  0.0000E+00 -6.5115E-01 -1.5765E-01
  2.7000E+01  5.7200E+01  3.3680E+00  9.3121E+00 -5.9441E+00 -1.0521E+00
  2.7000E+01  5.7200E+01  6.4658E+00  1.4305E+01 -7.8391E+00 -1.3923E+00
  2.7000E+01  5.7200E+01  1.3054E+01  1.6879E+01 -3.8253E+00  1.5467E-01
  2.7000E+01  5.7200E+01  1.4153E+01  1.8102E+01 -3.9491E+00  1.9969E-01
  2.7000E+01  5.7200E+01  1.4996E+01  1.8572E+01 -3.5758E+00  3.4859E-01
  2.7000E+01  5.7200E+01  1.1168E+01  1.8624E+01 -7.4564E+00 -1.1336E+00
  2.7000E+01  5.7200E+01  1.4822E+01  1.8448E+01 -3.6261E+00  2.3536E-01
  2.7000E+01  5.7200E+01  1.0910E+01  1.8149E+01 -7.2385E+00 -1.1672E+00
  2.7000E+01  5.7200E+01  1.3886E+01  1.7785E+01 -3.8988E+00 -9.3217E-03
  2.7000E+01  5.7200E+01  1.3911E+01  1.7390E+01 -3.4790E+00  6.9262E-02
  2.7000E+01  5.7200E+01  1.5853E+01  1.6982E+01 -1.1295E+00  8.3753E-01
  2.7000E+01  5.7200E+01  1.0218E+01  1.6573E+01 -6.3545E+00 -1.0911E+00
  2.7000E+01  5.7200E+01  1.5392E+01  1.4988E+01  4.0369E-01  1.0058E+00
  2.7000E+01  5.7200E+01  9.4992E+00  1.1050E+01 -1.5510E+00 -1.6797E-01
  2.7000E+01  5.7200E+01  8.5407E+00  8.1456E+00  3.9511E-01  1.4586E-01
  2.7000E+01  5.7200E+01  7.5509E+00  6.0045E+00  1.5464E+00  3.2158E-01
  2.7000E+01  5.7200E+01  2.4598E+00  4.4262E+00 -1.9664E+00 -6.8072E-01
  2.7000E+01  5.7200E+01  2.6450E+00  3.2627E+00 -6.1774E-01 -3.3760E-01
  2.8000E+01  4.8100E+01  0.0000E+00  0.0000E+00  0.0000E+00  0.0000E+00
  2.8000E+01  4.8100E+01  1.4284E+00  0.0000E+00  1.4284E+00  3.4584E-01
  2.8000E+01  4.8100E+01  9.3231E+00  9.3279E+00 -4.7819E-03 -6.2144E-02
  2.8000E+01  4.8100E+01  1.6756E+01  1.4357E+01  2.3987E+00  6.8694E-01
  2.8000E+01  4.8100E+01  1.3775E+01  1.6979E+01 -3.2038E+00 -1.2890E+00
  2.8000E+01  4.8100E+01  1.6927E+01  1.8253E+01 -1.3262E+00 -6.6425E-01
  2.8000E+01  4.8100E+01  1.9989E+01  1.8776E+01  1.2131E+00  2.5880E-01
  2.8000E+01  4.8100E+01  2.1599E+01  1.8881E+01  2.7180E+00  8.1146E-01
  2.8000E+01  4.8100E+01  1.8851E+01  1.8756E+01  9.5124E-02 -1.8351E-01
  2.8000E+01  4.8100E+01  2.1585E+01  1.8506E+01  3.0794E+00  9.1872E-01
  2.8000E+01  4.8100E+01  2.0916E+01  1.8189E+01  2.7270E+00  7.7312E-01
  2.8000E+01  4.8100E+01  1.9287E+01  1.7839E+01  1.4479E+00  2.9093E-01
  2.8000E+01  4.8100E+01  1.7002E+01  1.7474E+01 -4.7234E-01 -4.1439E-01
  2.8000E+01  4.8100E+01  1.4303E+01  1.7105E+01 -2.8019E+00 -1.2528E+00
  2.8000E+01  4.8100E+01  1.7097E+01  1.5662E+01  1.4350E+00  2.4014E-01
  2.8000E+01  4.8100E+01  1.3476E+01  1.1984E+01  1.4920E+00  2.1453E-01
  2.8000E+01  4.8100E+01  1.2928E+01  9.1684E+00  3.7596E+00  8.7159E-01
  2.8000E+01  4.8100E+01  8.7864E+00  7.0144E+00  1.7720E+00  2.8825E-01
  2.8000E+01  4.8100E+01  5.1249E+00  5.3664E+00 -2.4150E-01 -2.4549E-01
  2.8000E+01  4.8100E+01  5.3580E+00  4.1056E+00  1.2524E+00  1.7513E-01
  2.9000E+01  5.2900E+01  0.0000E+00  0.0000E+00  0.0000E+00  0.0000E+00
  2.9000E+01  5.2900E+01  4.5896E-01  0.0000E+00  4.5896E-01  1.1112E-01
  2.9000E+01  5.2900E+01  1.3233E+01  9.3195E+00  3.9135E+00  8.0422E-02
  2.9000E+01  5.2900E+01  2.0211E+01  1.4329E+01  5.8816E+00  1.1032E-01
  2.9000E+01  5.2900E+01  2.7355E+01  1.6926E+01  1.0429E+01  1.4298E+00
  2.9000E+01  5.2900E+01  2.7990E+01  1.8172E+01  9.8175E+00  1.1619E+00
  2.9000E+01  5.2900E+01  3.0221E+01  1.8667E+01  1.1554E+01  1.8585E+00
  2.9000E+01  5.2900E+01  2.8341E+01  1.8744E+01  9.5972E+00  1.2322E+00
  2.9000E+01  5.2900E+01  2.7167E+01  1.8591E+01  8.5758E+00  9.8147E-01
  2.9000E+01  5.2900E+01  1.9954E+01  1.8314E+01  1.6396E+00 -1.4447E+00
  2.9000E+01  5.2900E+01  1.9986E+01  1.7972E+01  2.0136E+00 -1.1420E+00
  2.9000E+01  5.2900E+01  2.2995E+01  1.7598E+01  5.3967E+00  2.5048E-01
  2.9000E+01  5.2900E+01  1.9826E+01  1.7210E+01  2.6156E+00 -6.0634E-01
  2.9000E+01  5.2900E+01  2.0826E+01  1.6819E+01  4.0069E+00  3.6546E-02
  2.9000E+01  5.2900E+01  1.5063E+01  1.5299E+01 -2.3628E-01 -9.2903E-01
  2.9000E+01  5.2900E+01  7.3069E+00  1.1477E+01 -4.1700E+00 -1.1433E+00
  2.9000E+01  5.2900E+01  5.1684E+00  8.6083E+00 -3.4399E+00 -3.9676E-01
  2.9000E+01  5.2900E+01  8.8218E-01  6.4567E+00 -5.5746E+00 -7.6627E-01
  2.9000E+01  5.2900E+01  2.9423E+00  4.8429E+00 -1.9006E+00  3.0090E-01
  2.9000E+01  5.2900E+01 -2.7838E+00  3.6324E+00 -6.4162E+00 -8.9977E-01
  3.0000E+01  4.0500E+01  0.0000E+00  0.0000E+00  0.0000E+00  0.0000E+00
  3.0000E+01  4.0500E+01 -9.0287E-01  0.0000E+00 -9.0287E-01 -2.1860E-01
  3.0000E+01  4.0500E+01  1.7451E+01  9.3417E+00  8.1093E+00  1.3386E+00
  3.0000E+01  4.0500E+01  2.4578E+01  1.4403E+01  1.0175E+01  1.5422E+00
  3.0000E+01  4.0500E+01  2.4207E+01  1.7066E+01  7.1409E+00  2.0503E-01
  3.0000E+01  4.0500E+01  2.2163E+01  1.8386E+01  3.7769E+00 -1.2066E+00
  3.0000E+01  4.0500E+01  2.4877E+01  1.8956E+01  5.9211E+00 -4.8309E-01
  3.0000E+01  4.0500E+01  2.6577E+01  1.9108E+01  7.4690E+00  1.0124E-01
  3.0000E+01  4.0500E+01  2.7905E+01  1.9029E+01  8.8762E+00  6.6954E-01
  3.0000E+01  4.0500E+01  2.4001E+01  1.8823E+01  5.1780E+00 -6.6435E-01
  3.0000E+01  4.0500E+01  2.6700E+01  1.8549E+01  8.1507E+00  5.1370E-01
  3.0000E+01  4.0500E+01  2.7140E+01  1.8241E+01  8.8994E+00  8.5639E-01
  3.0000E+01  4.0500E+01  2.9381E+01  1.7915E+01  1.1466E+01  1.8611E+00
  3.0000E+01  4.0500E+01  2.6894E+01  1.7584E+01  9.3105E+00  1.1322E+00
  3.0000E+01  4.0500E+01  1.8749E+01  1.6275E+01  2.4745E+00 -1.0468E+00
  3.0000E+01  4.0500E+01  1.8435E+01  1.2863E+01  5.5722E+00  6.2168E-01
  3.0000E+01  4.0500E+01  1.5779E+01  1.0165E+01  5.6141E+00  9.8259E-01
  3.0000E+01  4.0500E+01  8.8467E+00  8.0329E+00  8.1382E-01 -1.8229E-01
  3.0000E+01  4.0500E+01  6.6639E+00  6.3480E+00  3.1586E-01 -1.4019E-01
  3.0000E+01  4.0500E+01  8.8855E+00  5.0166E+00  3.8689E+00  9.3003E-01
  3.1000E+01  4.0100E+01  0.0000E+00  0.0000E+00  0.0000E+00  0.0000E+00
  3.1000E+01  4.0100E+01 -1.7821E+00  0.0000E+00 -1.7821E+00 -4.3147E-01
  3.1000E+01  4.0100E+01  1.8485E+01  9.3424E+00  9.1426E+00  8.1509E-01
  3.1000E+01  4.0100E+01  3.3277E+01  1.4406E+01  1.8871E+01  3.0162E+00
  3.1000E+01  4.0100E+01  3.6978E+01  1.7071E+01  1.9907E+01  3.0096E+00
  3.1000E+01  4.0100E+01  3.7037E+01  1.8393E+01  1.8644E+01  2.4204E+00
  3.1000E+01  4.0100E+01  3.6272E+01  1.8966E+01  1.7306E+01  1.9393E+00
  3.1000E+01  4.0100E+01  3.4936E+01  1.9120E+01  1.5816E+01  1.4875E+00
  3.1000E+01  4.0100E+01  3.0204E+01  1.9044E+01  1.1160E+01 -1.0557E-01
  3.1000E+01  4.0100E+01  2.9828E+01  1.8840E+01  1.0988E+01  2.5514E-02
  3.1000E+01  4.0100E+01  2.7691E+01  1.8569E+01  9.1220E+00 -4.6206E-01
  3.1000E+01  4.0100E+01  2.5313E+01  1.8263E+01  7.0505E+00 -1.0139E+00
  3.1000E+01  4.0100E+01  2.3014E+01  1.7939E+01  5.0746E+00 -1.5223E+00
  3.1000E+01  4.0100E+01  2.1266E+01  1.7610E+01  3.6563E+00 -1.8227E+00
  3.1000E+01  4.0100E+01  2.0363E+01  1.6308E+01  4.0548E+00 -8.9332E-01
  3.1000E+01  4.0100E+01  1.1131E+01  1.2912E+01 -1.7809E+00 -1.1875E+00
  3.1000E+01  4.0100E+01  6.9905E+00  1.0222E+01 -3.2311E+00 -6.6165E-01
  3.1000E+01  4.0100E+01  3.9159E+00  8.0918E+00 -4.1759E+00 -3.9756E-01
  3.1000E+01  4.0100E+01  1.6638E+00  6.4058E+00 -4.7420E+00 -2.7571E-01
  3.1000E+01  4.0100E+01  1.7494E+00  5.0710E+00 -3.3216E+00  2.2682E-01
  3.2000E+01  5.2600E+01  0.0000E+00  0.0000E+00  0.0000E+00  0.0000E+00
  3.2000E+01  5.2600E+01  1.0018E+00  0.0000E+00  1.0018E+00  2.4255E-01
  3.2000E+01  5.2600E+01  8.0357E+00  9.3200E+00 -1.2843E+00  7.4166E-03
  3.2000E+01  5.2600E+01  1.2708E+01  1.4331E+01 -1.6231E+00  1.3407E-01
  3.2000E+01  5.2600E+01  1.0325E+01  1.6929E+01 -6.6039E+00 -1.4983E+00
  3.2000E+01  5.2600E+01  1.4064E+01  1.8177E+01 -4.1135E+00 -5.7558E-01
  3.2000E+01  5.2600E+01  1.5101E+01  1.8674E+01 -3.5726E+00 -3.6565E-01
  3.2000E+01  5.2600E+01  1.3224E+01  1.8752E+01 -5.5282E+00 -1.1057E+00
  3.2000E+01  5.2600E+01  1.9117E+01  1.8601E+01  5.1567E-01  1.1317E+00
  3.2000E+01  5.2600E+01  2.0069E+01  1.8326E+01  1.7428E+00  1.5521E+00
  3.2000E+01  5.2600E+01  1.5564E+01  1.7986E+01 -2.4217E+00 -2.0025E-02
  3.2000E+01  5.2600E+01  1.6481E+01  1.7613E+01 -1.1321E+00  4.1880E-01
  3.2000E+01  5.2600E+01  1.0801E+01  1.7227E+01 -6.4256E+00 -1.5223E+00
  3.2000E+01  5.2600E+01  1.3857E+01  1.6837E+01 -2.9796E+00 -3.0815E-01
  3.2000E+01  5.2600E+01  1.6993E+01  1.5321E+01  1.6715E+00  1.1909E+00
  3.2000E+01  5.2600E+01  8.5125E+00  1.1508E+01 -2.9951E+00 -5.9735E-01
  3.2000E+01  5.2600E+01  6.1176E+00  8.6419E+00 -2.5243E+00 -5.5790E-01
  3.2000E+01  5.2600E+01  4.8748E+00  6.4899E+00 -1.6151E+00 -3.6288E-01
  3.2000E+01  5.2600E+01  4.6135E+00  4.8737E+00 -2.6023E-01 -3.8382E-02
  3.2000E+01  5.2600E+01  3.4718E+00  3.6600E+00 -1.8824E-01 -4.7901E-02
  3.3000E+01  5.1100E+01  0.0000E+00  0.0000E+00  0.0000E+00  0.0000E+00
  3.3000E+01  5.1100E+01 -9.3861E-01  0.0000E+00 -9.3861E-01 -2.2725E-01
  3.3000E+01  5.1100E+01  1.8521E+00  9.3226E+00 -7.4705E+00 -9.0646E-01
  3.3000E+01  5.1100E+01  6.3132E+00  1.4340E+01 -8.0265E+00 -4.0987E-01
  3.3000E+01  5.1100E+01  7.0153E+00  1.6945E+01 -9.9301E+00 -6.8720E-01
  3.3000E+01  5.1100E+01  8.8027E+00  1.8202E+01 -9.3998E+00 -3.2590E-01
  3.3000E+01  5.1100E+01  8.9689E+00  1.8707E+01 -9.7385E+00 -4.0877E-01
  3.3000E+01  5.1100E+01  8.7293E+00  1.8795E+01 -1.0065E+01 -5.6403E-01
  3.3000E+01  5.1100E+01  1.1263E+01  1.8652E+01 -7.3893E+00  3.6265E-01
  3.3000E+01  5.1100E+01  8.1273E+00  1.8385E+01 -1.0258E+01 -7.9975E-01
  3.3000E+01  5.1100E+01  1.1378E+01  1.8053E+01 -6.6747E+00  4.1960E-01
  3.3000E+01  5.1100E+01  8.3773E+00  1.7688E+01 -9.3102E+00 -6.5337E-01
  3.3000E+01  5.1100E+01  9.0420E+00  1.7308E+01 -8.2662E+00 -3.7825E-01
  3.3000E+01  5.1100E+01  7.2758E+00  1.6925E+01 -9.6491E+00 -9.7440E-01
  3.3000E+01  5.1100E+01  7.8119E+00  1.5433E+01 -7.6214E+00 -6.2100E-01
  3.3000E+01  5.1100E+01  9.6615E+00  1.1663E+01 -2.0016E+00  3.9989E-01
  3.3000E+01  5.1100E+01  5.2489E+00  8.8127E+00 -3.5638E+00 -5.5758E-01
  3.3000E+01  5.1100E+01  3.4234E+00  6.6589E+00 -3.2355E+00 -7.2246E-01
  3.3000E+01  5.1100E+01  4.2412E+00  5.0315E+00 -7.9031E-01 -2.0624E-01
  3.3000E+01  5.1100E+01  3.5735E+00  3.8018E+00 -2.2833E-01 -1.4536E-01
  3.4000E+01  4.1900E+01  0.0000E+00  0.0000E+00  0.0000E+00  0.0000E+00
  3.4000E+01  4.1900E+01  1.2388E-01  0.0000E+00  1.2388E-01  2.9993E-02
  3.4000E+01  4.1900E+01  8.0261E+00  9.3391E+00 -1.3130E+00  2.0984E-01
  3.4000E+01  4.1900E+01  1.0579E+01  1.4395E+01 -3.8156E+00 -2.2586E-01
  3.4000E+01  4.1900E+01  1.0939E+01  1.7050E+01 -6.1107E+00 -8.5752E-01
  3.4000E+01  4.1900E+01  1.5004E+01  1.8361E+01 -3.3571E+00  2.2261E-01
  3.4000E+01  4.1900E+01  1.5191E+01  1.8922E+01 -3.7310E+00  1.1477E-01
  3.4000E+01  4.1900E+01  1.4960E+01  1.9065E+01 -4.1052E+00 -3.3807E-02
  3.4000E+01  4.1900E+01  1.5977E+01  1.8977E+01 -3.0003E+00  3.5407E-01
  3.4000E+01  4.1900E+01  1.3207E+01  1.8763E+01 -5.5560E+00 -6.4363E-01
  3.4000E+01  4.1900E+01  1.2856E+01  1.8481E+01 -5.6252E+00 -7.0838E-01
  3.4000E+01  4.1900E+01  1.4392E+01  1.8165E+01 -3.7726E+00 -6.4637E-02
  3.4000E+01  4.1900E+01  1.6188E+01  1.7832E+01 -1.6437E+00  6.6902E-01
  3.4000E+01  4.1900E+01  1.1270E+01  1.7493E+01 -6.2228E+00 -1.0424E+00
  3.4000E+01  4.1900E+01  1.1940E+01  1.6158E+01 -4.2179E+00 -4.6981E-01
  3.4000E+01  4.1900E+01  1.0470E+01  1.2693E+01 -2.2232E+00 -1.4992E-01
  3.4000E+01  4.1900E+01  1.0209E+01  9.9701E+00  2.3888E-01  3.6861E-01
  3.4000E+01  4.1900E+01  6.1807E+00  7.8312E+00 -1.6505E+00 -3.3508E-01
  3.4000E+01  4.1900E+01  3.8115E+00  6.1512E+00 -2.3397E+00 -6.0433E-01
  3.4000E+01  4.1900E+01  6.3227E+00  4.8316E+00  1.4911E+00  3.7870E-01
  3.5000E+01  4.8800E+01  0.0000E+00  0.0000E+00  0.0000E+00  0.0000E+00
  3.5000E+01  4.8800E+01  8.1160E-01  0.0000E+00  8.1160E-01  1.9650E-01
  3.5000E+01  4.8800E+01  1.2032E+01  9.3266E+00  2.7054E+00  1.8439E-01
  3.5000E+01  4.8800E+01  1.8392E+01  1.4353E+01  4.0388E+00  2.9191E-01
  3.5000E+01  4.8800E+01  2.2469E+01  1.6971E+01  5.4981E+00  6.6426E-01
  3.5000E+01  4.8800E+01  2.7565E+01  1.8241E+01  9.3237E+00  2.0535E+00
  3.5000E+01  4.8800E+01  2.4711E+01  1.8760E+01  5.9512E+00  8.5316E-01
  3.5000E+01  4.8800E+01  2.2949E+01  1.8861E+01  4.0883E+00  2.2648E-01
  3.5000E+01  4.8800E+01  2.2404E+01  1.8732E+01  3.6725E+00  1.5901E-01
  3.5000E+01  4.8800E+01  2.3093E+01  1.8477E+01  4.6157E+00  6.0575E-01
  3.5000E+01  4.8800E+01  2.2574E+01  1.8157E+01  4.4171E+00  6.2664E-01
  3.5000E+01  4.8800E+01  1.5325E+01  1.7803E+01 -2.4784E+00 -1.8019E+00
  3.5000E+01  4.8800E+01  1.9093E+01  1.7435E+01  1.6578E+00 -1.9250E-01
  3.5000E+01  4.8800E+01  1.4554E+01  1.7062E+01 -2.5085E+00 -1.5941E+00
  3.5000E+01  4.8800E+01  1.4750E+01  1.5608E+01 -8.5801E-01 -6.4899E-01
  3.5000E+01  4.8800E+01  9.6497E+00  1.1908E+01 -2.2582E+00 -4.3170E-01
  3.5000E+01  4.8800E+01  2.5588E+00  9.0837E+00 -6.5249E+00 -1.3593E+00
  3.5000E+01  4.8800E+01  3.3053E+00  6.9293E+00 -3.6240E+00 -3.5408E-01
  3.5000E+01  4.8800E+01  3.1394E+00  5.2858E+00 -2.1464E+00  9.0551E-02
  3.5000E+01  4.8800E+01  1.0777E+00  4.0322E+00 -2.9545E+00 -1.4254E-01
  3.6000E+01  4.4700E+01  0.0000E+00  0.0000E+00  0.0000E+00  0.0000E+00
  3.6000E+01  4.4700E+01  2.8034E-01  0.0000E+00  2.8034E-01  6.7874E-02
  3.6000E+01  4.4700E+01  4.4857E+00  9.3340E+00 -4.8483E+00 -5.1235E-01
  3.6000E+01  4.4700E+01  5.8377E+00  1.4378E+01 -8.5399E+00 -1.2482E+00
  3.6000E+01  4.4700E+01  8.4950E+00  1.7017E+01 -8.5223E+00 -1.0382E+00
  3.6000E+01  4.4700E+01  1.2838E+01  1.8312E+01 -5.4738E+00  1.6860E-01
  3.6000E+01  4.4700E+01  9.6088E+00  1.8855E+01 -9.2465E+00 -1.2257E+00
  3.6000E+01  4.4700E+01  1.4801E+01  1.8981E+01 -4.1800E+00  6.3501E-01
  3.6000E+01  4.4700E+01  1.6512E+01  1.8876E+01 -2.3640E+00  1.2446E+00
  3.6000E+01  4.4700E+01  1.5501E+01  1.8645E+01 -3.1442E+00  8.6041E-01
  3.6000E+01  4.4700E+01  1.1642E+01  1.8347E+01 -6.7054E+00 -5.5817E-01
  3.6000E+01  4.4700E+01  1.2915E+01  1.8015E+01 -5.1005E+00 -5.7280E-02
  3.6000E+01  4.4700E+01  8.8827E+00  1.7668E+01 -8.7852E+00 -1.4916E+00
  3.6000E+01  4.4700E+01  1.2124E+01  1.7315E+01 -5.1908E+00 -2.7081E-01
  3.6000E+01  4.4700E+01  9.9651E+00  1.5930E+01 -5.9647E+00 -8.5439E-01
  3.6000E+01  4.4700E+01  1.2196E+01  1.2365E+01 -1.6878E-01  3.9705E-01
  3.6000E+01  4.4700E+01  1.0926E+01  9.5963E+00  1.3297E+00  4.2866E-01
  3.6000E+01  4.4700E+01  8.1208E+00  7.4476E+00  6.7316E-01  2.3655E-03
  3.6000E+01  4.4700E+01  7.9105E+00  5.7801E+00  2.1304E+00  2.8301E-01
  3.6000E+01  4.4700E+01  7.1146E+00  4.4859E+00  2.6287E+00  3.5459E-01
  3.7000E+01  4.2500E+01  0.0000E+00  0.0000E+00  0.0000E+00  0.0000E+00
  3.7000E+01  4.2500E+01  5.4183E-01  0.0000E+00  5.4183E-01  1.3118E-01
  3.7000E+01  4.2500E+01  8.4127E+00  9.3380E+00 -9.2527E-01  1.4270E-01
  3.7000E+01  4.2500E+01  1.3780E+01  1.4391E+01 -6.1092E-01  5.1503E-01
  3.7000E+01  4.2500E+01  1.5235E+01  1.7043E+01 -1.8077E+00  2.4867E-01
  3.7000E+01  4.2500E+01  1.4094E+01  1.8350E+01 -4.2565E+00 -6.0424E-01
  3.7000E+01  4.2500E+01  1.7997E+01  1.8908E+01 -9.1060E-01  6.3580E-01
  3.7000E+01  4.2500E+01  1.7881E+01  1.9047E+01 -1.1660E+00  5.1018E-01
  3.7000E+01  4.2500E+01  1.2514E+01  1.8955E+01 -6.4414E+00 -1.5218E+00
  3.7000E+01  4.2500E+01  1.3030E+01  1.8738E+01 -5.7076E+00 -1.2918E+00
  3.7000E+01  4.2500E+01  1.7938E+01  1.8452E+01 -5.1426E-01  5.9267E-01
  3.7000E+01  4.2500E+01  1.7317E+01  1.8132E+01 -8.1536E-01  4.2192E-01
  3.7000E+01  4.2500E+01  1.5202E+01  1.7796E+01 -2.5943E+00 -2.8572E-01
  3.7000E+01  4.2500E+01  1.3130E+01  1.7454E+01 -4.3242E+00 -9.6209E-01
  3.7000E+01  4.2500E+01  1.4758E+01  1.6108E+01 -1.3504E+00 -7.3972E-02
  3.7000E+01  4.2500E+01  1.5875E+01  1.2622E+01  3.2534E+00  1.0333E+00
  3.7000E+01  4.2500E+01  1.1659E+01  9.8883E+00  1.7707E+00  3.1596E-01
  3.7000E+01  4.2500E+01  9.4002E+00  7.7469E+00  1.6533E+00  1.5965E-01
  3.7000E+01  4.2500E+01  7.8941E+00  6.0692E+00  1.8249E+00  1.5305E-01
  3.7000E+01  4.2500E+01  9.6308E+00  4.7548E+00  4.8760E+00  9.5002E-01
  3.8000E+01  4.7400E+01  0.0000E+00  0.0000E+00  0.0000E+00  0.0000E+00
  3.8000E+01  4.7400E+01 -4.0024E-01  0.0000E+00 -4.0024E-01 -9.6904E-02
  3.8000E+01  4.7400E+01  6.7693E+00  9.3291E+00 -2.5598E+00  1.7683E-01
  3.8000E+01  4.7400E+01  1.0703E+01  1.4361E+01 -3.6584E+00  4.1007E-01
  3.8000E+01  4.7400E+01  8.8319E+00  1.6987E+01 -8.1547E+00 -8.4861E-01
  3.8000E+01  4.7400E+01  8.2934E+00  1.8265E+01 -9.9717E+00 -1.4046E+00
  3.8000E+01  4.7400E+01  1.4794E+01  1.8792E+01 -3.9981E+00  8.5117E-01
  3.8000E+01  4.7400E+01  1.4877E+01  1.8901E+01 -4.0244E+00  8.2948E-01
  3.8000E+01  4.7400E+01  1.3593E+01  1.8780E+01 -5.1874E+00  3.4560E-01
  3.8000E+01  4.7400E+01  9.6101E+00  1.8534E+01 -8.9239E+00 -1.1100E+00
  3.8000E+01  4.7400E+01  1.2827E+01  1.8221E+01 -5.3943E+00  1.3326E-01
  3.8000E+01  4.7400E+01  1.2794E+01  1.7875E+01 -5.0810E+00  1.7458E-01
  3.8000E+01  4.7400E+01  6.9577E+00  1.7514E+01 -1.0556E+01 -1.8859E+00
  3.8000E+01  4.7400E+01  9.6546E+00  1.7148E+01 -7.4930E+00 -8.3839E-01
  3.8000E+01  4.7400E+01  1.0004E+01  1.5716E+01 -5.7124E+00 -4.4998E-01
  3.8000E+01  4.7400E+01  6.1189E+00  1.2061E+01 -5.9419E+00 -1.0354E+00
  3.8000E+01  4.7400E+01  8.4987E+00  9.2543E+00 -7.5560E-01  2.1813E-01
  3.8000E+01  4.7400E+01  4.8899E+00  7.1008E+00 -2.2109E+00 -4.1489E-01
  3.8000E+01  4.7400E+01  6.4896E+00  5.4485E+00  1.0411E+00  3.4843E-01
  3.8000E+01  4.7400E+01  4.6586E+00  4.1806E+00  4.7798E-01  1.1255E-01
  3.9000E+01  6.6700E+01  0.0000E+00  0.0000E+00  0.0000E+00  0.0000E+00
  3.9000E+01  6.6700E+01  1.4333E+00  0.0000E+00  1.4333E+00  3.4702E-01
  3.9000E+01  6.6700E+01  1.0420E+01  9.2964E+00  1.1236E+00 -7.0594E-01
  3.9000E+01  6.6700E+01  1.9124E+01  1.4253E+01  4.8714E+00 -1.9313E-01
  3.9000E+01  6.6700E+01  2.1561E+01  1.6780E+01  4.7807E+00 -5.8908E-01
  3.9000E+01  6.6700E+01  2.4694E+01  1.7952E+01  6.7420E+00 -5.4521E-02
  3.9000E+01  6.6700E+01  2.5208E+01  1.8370E+01  6.8382E+00 -7.1645E-02
  3.9000E+01  6.6700E+01  3.3445E+01  1.8371E+01  1.5074E+01  2.9908E+00
  3.9000E+01  6.6700E+01  2.1875E+01  1.8145E+01  3.7299E+00 -1.1613E+00
  3.9000E+01  6.6700E+01  2.4767E+01  1.7798E+01  6.9690E+00  9.4731E-02
  3.9000E+01  6.6700E+01  2.8667E+01  1.7389E+01  1.1278E+01  1.7225E+00
  3.9000E+01  6.6700E+01  3.2780E+01  1.6952E+01  1.5828E+01  3.4039E+00
  3.9000E+01  6.6700E+01  2.1074E+01  1.6504E+01  4.5701E+00 -5.4131E-01
  3.9000E+01  6.6700E+01  1.6422E+01  1.6056E+01  3.6597E-01 -1.9320E+00
  3.9000E+01  6.6700E+01  2.3942E+01  1.4343E+01  9.5994E+00  1.4997E+00
  3.9000E+01  6.6700E+01  1.5698E+01  1.0188E+01  5.5104E+00  6.6664E-01
  3.9000E+01  6.6700E+01  1.2305E+01  7.2351E+00  5.0699E+00  8.3470E-01
  3.9000E+01  6.6700E+01  6.6410E+00  5.1383E+00  1.5027E+00  4.7509E-02
  3.9000E+01  6.6700E+01  6.3535E+00  3.6492E+00  2.7043E+00  4.8970E-01
  3.9000E+01  6.6700E+01  4.5520E+00  2.5916E+00  1.9604E+00  3.7153E-01
  4.0000E+01  4.1400E+01  0.0000E+00  0.0000E+00  0.0000E+00  0.0000E+00
  4.0000E+01  4.1400E+01 -9.1684E-01  0.0000E+00 -9.1684E-01 -2.2198E-01
  4.0000E+01  4.1400E+01  1.2425E+01  9.3400E+00  3.0850E+00 -2.0314E-01
  4.0000E+01  4.1400E+01  2.1081E+01  1.4398E+01  6.6833E+00  2.8134E-01
  4.0000E+01  4.1400E+01  2.3132E+01  1.7056E+01  6.0765E+00 -2.8572E-01
  4.0000E+01  4.1400E+01  2.8249E+01  1.8370E+01  9.8790E+00  9.4363E-01
  4.0000E+01  4.1400E+01  3.1272E+01  1.8934E+01  1.2338E+01  1.8395E+00
  4.0000E+01  4.1400E+01  2.4474E+01  1.9080E+01  5.3936E+00 -7.4450E-01
  4.0000E+01  4.1400E+01  2.8331E+01  1.8996E+01  9.3354E+00  8.0579E-01
  4.0000E+01  4.1400E+01  2.7141E+01  1.8784E+01  8.3566E+00  5.1847E-01
  4.0000E+01  4.1400E+01  2.7214E+01  1.8505E+01  8.7086E+00  7.3817E-01
  4.0000E+01  4.1400E+01  2.4786E+01  1.8192E+01  6.5943E+00  4.7075E-02
  4.0000E+01  4.1400E+01  2.7226E+01  1.7861E+01  9.3646E+00  1.1561E+00
  4.0000E+01  4.1400E+01  2.0500E+01  1.7525E+01  2.9750E+00 -1.0794E+00
  4.0000E+01  4.1400E+01  1.9212E+01  1.6199E+01  3.0127E+00 -6.8944E-01
  4.0000E+01  4.1400E+01  2.0613E+01  1.2753E+01  7.8597E+00  1.6544E+00
  4.0000E+01  4.1400E+01  7.2206E+00  1.0039E+01 -2.8185E+00 -1.2084E+00
  4.0000E+01  4.1400E+01  7.5401E+00  7.9025E+00 -3.6236E-01 -1.6884E-01
  4.0000E+01  4.1400E+01  7.1073E+00  6.2206E+00  8.8671E-01  3.4809E-01
  4.0000E+01  4.1400E+01  5.4313E+00  4.8967E+00  5.3463E-01  3.3897E-01
