TABLE NO.  4
 ID          WT          DV          PRED        RES         WRES
  1.0000E+00  5.1600E+01  1.2161E+00  0.0000E+00  1.2161E+00  2.9536E-01
  1.0000E+00  5.1600E+01  1.2565E+01  0.0000E+00  1.2565E+01  3.0517E+00
  1.0000E+00  5.1600E+01  1.1218E+01  0.0000E+00  1.1218E+01  2.7246E+00
  1.0000E+00  5.1600E+01  1.7709E+01  0.0000E+00  1.7709E+01  4.3011E+00
  1.0000E+00  5.1600E+01  2.1925E+01  0.0000E+00  2.1925E+01  5.3250E+00
  1.0000E+00  5.1600E+01  1.6205E+01  0.0000E+00  1.6205E+01  3.9358E+00
  1.0000E+00  5.1600E+01  1.8692E+01  0.0000E+00  1.8692E+01  4.5398E+00
  1.0000E+00  5.1600E+01  2.3788E+01  0.0000E+00  2.3788E+01  5.7775E+00
  1.0000E+00  5.1600E+01  1.6475E+01  0.0000E+00  1.6475E+01  4.0014E+00
  1.0000E+00  5.1600E+01  1.7346E+01  0.0000E+00  1.7346E+01  4.2129E+00
  1.0000E+00  5.1600E+01  1.8373E+01  0.0000E+00  1.8373E+01  4.4623E+00
  1.0000E+00  5.1600E+01  1.8252E+01  0.0000E+00  1.8252E+01  4.4330E+00
  1.0000E+00  5.1600E+01  1.8359E+01  0.0000E+00  1.8359E+01  4.4589E+00
  1.0000E+00  5.1600E+01  1.3057E+01  0.0000E+00  1.3057E+01  3.1712E+00
  1.0000E+00  5.1600E+01  1.5134E+01  0.0000E+00  1.5134E+01  3.6757E+00
  1.0000E+00  5.1600E+01  8.4486E+00  0.0000E+00  8.4486E+00  2.0520E+00
  1.0000E+00  5.1600E+01  1.0985E+01  0.0000E+00  1.0985E+01  2.6680E+00
  1.0000E+00  5.1600E+01  5.7362E+00  0.0000E+00  5.7362E+00  1.3932E+00
  1.0000E+00  5.1600E+01  8.4208E+00  0.0000E+00  8.4208E+00  2.0452E+00
  2.0000E+00  4.7100E+01  0.0000E+00  0.0000E+00  0.0000E+00  0.0000E+00
  2.0000E+00  4.7100E+01  1.1076E+00  0.0000E+00  1.1076E+00  2.6901E-01
  2.0000E+00  4.7100E+01  1.0152E+01  9.3986E+00  7.5342E-01  6.4429E-01
  2.0000E+00  4.7100E+01  1.1842E+01  1.4507E+01 -2.6648E+00 -1.5010E-01
  2.0000E+00  4.7100E+01  1.3557E+01  1.7212E+01 -3.6545E+00 -3.6657E-01
  2.0000E+00  4.7100E+01  1.2662E+01  1.8571E+01 -5.9089E+00 -1.1432E+00
  2.0000E+00  4.7100E+01  1.5854E+01  1.9178E+01 -3.3245E+00 -1.5785E-01
  2.0000E+00  4.7100E+01  1.5432E+01  1.9367E+01 -3.9351E+00 -3.8737E-01
  2.0000E+00  4.7100E+01  1.7372E+01  1.9323E+01 -1.9513E+00  3.5495E-01
  2.0000E+00  4.7100E+01  1.9629E+01  1.9152E+01  4.7726E-01  1.2532E+00
  2.0000E+00  4.7100E+01  1.7099E+01  1.8911E+01 -1.8121E+00  3.6260E-01
  2.0000E+00  4.7100E+01  1.4025E+01  1.8634E+01 -4.6093E+00 -7.0859E-01
  2.0000E+00  4.7100E+01  1.4696E+01  1.8340E+01 -3.6435E+00 -3.7057E-01
  2.0000E+00  4.7100E+01  1.5417E+01  1.8037E+01 -2.6202E+00 -1.6537E-02
  2.0000E+00  4.7100E+01  1.3979E+01  1.6834E+01 -2.8553E+00 -1.9451E-01
  2.0000E+00  4.7100E+01  9.3259E+00  1.3644E+01 -4.3177E+00 -8.8088E-01
  2.0000E+00  4.7100E+01  6.8900E+00  1.1056E+01 -4.1662E+00 -9.3457E-01
  2.0000E+00  4.7100E+01  5.2125E+00  8.9595E+00 -3.7470E+00 -8.7496E-01
  2.0000E+00  4.7100E+01  4.1558E+00  7.2605E+00 -3.1047E+00 -7.3662E-01
  2.0000E+00  4.7100E+01  3.2563E+00  5.8836E+00 -2.6273E+00 -6.3721E-01
  3.0000E+00  3.5000E+01  0.0000E+00  0.0000E+00  0.0000E+00  0.0000E+00
  3.0000E+00  3.5000E+01 -7.3757E-02  0.0000E+00 -7.3757E-02 -1.7914E-02
  3.0000E+00  3.5000E+01  9.3116E+00  9.4166E+00 -1.0497E-01 -6.5070E-01
  3.0000E+00  3.5000E+01  2.0167E+01  1.4567E+01  5.6000E+00  7.8313E-01
  3.0000E+00  3.5000E+01  2.1678E+01  1.7327E+01  4.3515E+00  1.7371E-01
  3.0000E+00  3.5000E+01  2.4841E+01  1.8747E+01  6.0943E+00  7.2285E-01
  3.0000E+00  3.5000E+01  2.1191E+01  1.9418E+01  1.7734E+00 -9.4499E-01
  3.0000E+00  3.5000E+01  2.2233E+01  1.9670E+01  2.5631E+00 -6.5152E-01
  3.0000E+00  3.5000E+01  2.5764E+01  1.9689E+01  6.0749E+00  7.1303E-01
  3.0000E+00  3.5000E+01  2.6171E+01  1.9579E+01  6.5917E+00  9.4022E-01
  3.0000E+00  3.5000E+01  2.6855E+01  1.9399E+01  7.4561E+00  1.3024E+00
  3.0000E+00  3.5000E+01  2.4440E+01  1.9180E+01  5.2595E+00  5.0387E-01
  3.0000E+00  3.5000E+01  2.2379E+01  1.8942E+01  3.4367E+00 -1.4411E-01
  3.0000E+00  3.5000E+01  1.9932E+01  1.8695E+01  1.2372E+00 -9.2474E-01
  3.0000E+00  3.5000E+01  2.1774E+01  1.7693E+01  4.0809E+00  2.9012E-01
  3.0000E+00  3.5000E+01  1.7953E+01  1.4954E+01  2.9987E+00  2.6904E-01
  3.0000E+00  3.5000E+01  1.2802E+01  1.2638E+01  1.6404E-01 -3.9408E-01
  3.0000E+00  3.5000E+01  1.1368E+01  1.0680E+01  6.8761E-01 -2.9013E-02
  3.0000E+00  3.5000E+01  1.1672E+01  9.0260E+00  2.6460E+00  6.8064E-01
  3.0000E+00  3.5000E+01  7.5140E+00  7.6279E+00 -1.1395E-01 -3.3853E-02
  4.0000E+00  4.8400E+01  0.0000E+00  0.0000E+00  0.0000E+00  0.0000E+00
  4.0000E+00  4.8400E+01 -2.4017E-01  0.0000E+00 -2.4017E-01 -5.8331E-02
  4.0000E+00  4.8400E+01  8.3117E+00  9.3246E+00 -1.0129E+00  3.3002E-01
  4.0000E+00  4.8400E+01  1.2332E+01  1.4261E+01 -1.9288E+00  4.3800E-01
  4.0000E+00  4.8400E+01  9.5114E+00  1.6745E+01 -7.2336E+00 -1.2306E+00
  4.0000E+00  4.8400E+01  1.5384E+01  1.7863E+01 -2.4788E+00  5.2472E-01
  4.0000E+00  4.8400E+01  1.5128E+01  1.8223E+01 -3.0949E+00  2.9133E-01
  4.0000E+00  4.8400E+01  1.2791E+01  1.8166E+01 -5.3754E+00 -5.9896E-01
  4.0000E+00  4.8400E+01  1.1972E+01  1.7884E+01 -5.9124E+00 -8.5987E-01
  4.0000E+00  4.8400E+01  1.3333E+01  1.7484E+01 -4.1509E+00 -2.8887E-01
  4.0000E+00  4.8400E+01  1.3072E+01  1.7024E+01 -3.9524E+00 -2.9232E-01
  4.0000E+00  4.8400E+01  1.1469E+01  1.6539E+01 -5.0703E+00 -7.6100E-01
  4.0000E+00  4.8400E+01  1.1090E+01  1.6047E+01 -4.9571E+00 -7.8564E-01
  4.0000E+00  4.8400E+01  1.4601E+01  1.5558E+01 -9.5666E-01  5.3498E-01
  4.0000E+00  4.8400E+01  1.3715E+01  1.3705E+01  9.7093E-03  5.9132E-01
  4.0000E+00  4.8400E+01  1.0035E+01  9.3356E+00  6.9939E-01  3.1763E-01
  4.0000E+00  4.8400E+01  6.7983E+00  6.3581E+00  4.4019E-01  3.7673E-02
  4.0000E+00  4.8400E+01  3.0324E+00  4.3303E+00 -1.2979E+00 -4.9780E-01
  4.0000E+00  4.8400E+01  3.8927E+00  2.9492E+00  9.4354E-01  7.6088E-02
  4.0000E+00  4.8400E+01  3.8535E+00  2.0086E+00  1.8449E+00  3.1133E-01
  5.0000E+00  5.2900E+01  0.0000E+00  0.0000E+00  0.0000E+00  0.0000E+00
  5.0000E+00  5.2900E+01  5.3430E-01  0.0000E+00  5.3430E-01  1.2977E-01
  5.0000E+00  5.2900E+01  8.8596E+00  9.3904E+00 -5.3080E-01 -3.8312E-01
  5.0000E+00  5.2900E+01  1.4427E+01  1.4479E+01 -5.2493E-02 -4.1634E-01
  5.0000E+00  5.2900E+01  1.6130E+01  1.7159E+01 -1.0294E+00 -8.7880E-01
  5.0000E+00  5.2900E+01  2.4238E+01  1.8491E+01  5.7466E+00  1.5547E+00
  5.0000E+00  5.2900E+01  1.5178E+01  1.9071E+01 -3.8926E+00 -2.0716E+00
  5.0000E+00  5.2900E+01  2.2489E+01  1.9231E+01  3.2583E+00  6.1632E-01
  5.0000E+00  5.2900E+01  2.4514E+01  1.9159E+01  5.3551E+00  1.4078E+00
  5.0000E+00  5.2900E+01  2.2087E+01  1.8960E+01  3.1269E+00  5.6643E-01
  5.0000E+00  5.2900E+01  1.8739E+01  1.8693E+01  4.5932E-02 -5.8303E-01
  5.0000E+00  5.2900E+01  1.5653E+01  1.8391E+01 -2.7377E+00 -1.6041E+00
  5.0000E+00  5.2900E+01  2.1381E+01  1.8071E+01  3.3096E+00  6.4246E-01
  5.0000E+00  5.2900E+01  2.2030E+01  1.7745E+01  4.2846E+00  1.0013E+00
  5.0000E+00  5.2900E+01  2.0821E+01  1.6457E+01  4.3641E+00  1.0299E+00
  5.0000E+00  5.2900E+01  1.6266E+01  1.3085E+01  3.1810E+00  6.4700E-01
  5.0000E+00  5.2900E+01  1.2420E+01  1.0403E+01  2.0174E+00  3.2039E-01
  5.0000E+00  5.2900E+01  1.3299E+01  8.2701E+00  5.0289E+00  1.2288E+00
  5.0000E+00  5.2900E+01  1.0335E+01  6.5747E+00  3.7603E+00  8.7187E-01
  5.0000E+00  5.2900E+01  9.3872E+00  5.2269E+00  4.1603E+00  9.8769E-01
  6.0000E+00  6.5900E+01  0.0000E+00  0.0000E+00  0.0000E+00  0.0000E+00
  6.0000E+00  6.5900E+01  2.9626E-01  0.0000E+00  2.9626E-01  7.1954E-02
  6.0000E+00  6.5900E+01  1.4315E+01  9.2823E+00  5.0327E+00 -1.0900E-01
  6.0000E+00  6.5900E+01  2.7738E+01  1.4122E+01  1.3616E+01  1.8092E+00
  6.0000E+00  6.5900E+01  3.0663E+01  1.6483E+01  1.4180E+01  1.7136E+00
  6.0000E+00  6.5900E+01  2.8684E+01  1.7469E+01  1.1215E+01  5.9759E-01
  6.0000E+00  6.5900E+01  2.4885E+01  1.7697E+01  7.1879E+00 -7.7713E-01
  6.0000E+00  6.5900E+01  3.2096E+01  1.7513E+01  1.4583E+01  2.0844E+00
  6.0000E+00  6.5900E+01  2.7022E+01  1.7109E+01  9.9129E+00  6.0582E-01
  6.0000E+00  6.5900E+01  2.8394E+01  1.6595E+01  1.1799E+01  1.4979E+00
  6.0000E+00  6.5900E+01  1.9052E+01  1.6029E+01  3.0227E+00 -1.3601E+00
  6.0000E+00  6.5900E+01  2.4557E+01  1.5446E+01  9.1105E+00  9.7559E-01
  6.0000E+00  6.5900E+01  1.8485E+01  1.4864E+01  3.6207E+00 -6.9337E-01
  6.0000E+00  6.5900E+01  1.7830E+01  1.4293E+01  3.5375E+00 -5.1779E-01
  6.0000E+00  6.5900E+01  1.3155E+01  1.2179E+01  9.7560E-01 -6.7761E-01
  6.0000E+00  6.5900E+01  8.4222E+00  7.5066E+00  9.1564E-01  3.3898E-01
  6.0000E+00  6.5900E+01  4.9649E+00  4.6257E+00  3.3920E-01  4.8638E-01
  6.0000E+00  6.5900E+01 -3.1050E-01  2.8504E+00 -3.1609E+00 -3.7180E-01
  6.0000E+00  6.5900E+01  1.4111E+00  1.7565E+00 -3.4540E-01  3.0173E-01
  6.0000E+00  6.5900E+01  1.4164E+00  1.0824E+00  3.3401E-01  3.9384E-01
  7.0000E+00  6.2500E+01  0.0000E+00  0.0000E+00  0.0000E+00  0.0000E+00
  7.0000E+00  6.2500E+01 -1.4391E+00  0.0000E+00 -1.4391E+00 -3.4952E-01
  7.0000E+00  6.2500E+01  8.5353E+00  9.3773E+00 -8.4204E-01  2.9456E-02
  7.0000E+00  6.2500E+01  1.3037E+01  1.4436E+01 -1.3990E+00  1.6458E-02
  7.0000E+00  6.2500E+01  1.1623E+01  1.7077E+01 -5.4536E+00 -1.3411E+00
  7.0000E+00  6.2500E+01  1.9103E+01  1.8365E+01  7.3778E-01  9.3422E-01
  7.0000E+00  6.2500E+01  2.2441E+01  1.8900E+01  3.5413E+00  2.0047E+00
  7.0000E+00  6.2500E+01  1.2201E+01  1.9015E+01 -6.8141E+00 -1.8985E+00
  7.0000E+00  6.2500E+01  1.8646E+01  1.8900E+01 -2.5357E-01  5.4871E-01
  7.0000E+00  6.2500E+01  1.6261E+01  1.8658E+01 -2.3973E+00 -2.8102E-01
  7.0000E+00  6.2500E+01  1.8519E+01  1.8350E+01  1.6875E-01  6.4430E-01
  7.0000E+00  6.2500E+01  1.6067E+01  1.8008E+01 -1.9415E+00 -1.6486E-01
  7.0000E+00  6.2500E+01  1.3287E+01  1.7651E+01 -4.3644E+00 -1.0735E+00
  7.0000E+00  6.2500E+01  1.5586E+01  1.7289E+01 -1.7033E+00 -1.3076E-01
  7.0000E+00  6.2500E+01  1.4131E+01  1.5872E+01 -1.7410E+00 -2.3649E-01
  7.0000E+00  6.2500E+01  1.0141E+01  1.2240E+01 -2.0991E+00 -5.2919E-01
  7.0000E+00  6.2500E+01  8.8287E+00  9.4380E+00 -6.0926E-01 -1.6761E-01
  7.0000E+00  6.2500E+01  8.5356E+00  7.2773E+00  1.2583E+00  3.0345E-01
  7.0000E+00  6.2500E+01  1.0732E+01  5.6113E+00  5.1207E+00  1.3104E+00
  7.0000E+00  6.2500E+01  5.6827E+00  4.3267E+00  1.3560E+00  2.6230E-01
  8.0000E+00  5.8600E+01  0.0000E+00  0.0000E+00  0.0000E+00  0.0000E+00
  8.0000E+00  5.8600E+01 -1.4741E+00  0.0000E+00 -1.4741E+00 -3.5802E-01
  8.0000E+00  5.8600E+01  7.9728E+00  9.2995E+00 -1.3267E+00  4.3434E-01
  8.0000E+00  5.8600E+01  8.8496E+00  1.4178E+01 -5.3285E+00 -3.6243E-01
  8.0000E+00  5.8600E+01  1.3640E+01  1.6589E+01 -2.9494E+00  6.7216E-01
  8.0000E+00  5.8600E+01  1.0014E+01  1.7629E+01 -7.6146E+00 -9.4397E-01
  8.0000E+00  5.8600E+01  1.1450E+01  1.7909E+01 -6.4595E+00 -5.6514E-01
  8.0000E+00  5.8600E+01  1.2985E+01  1.7776E+01 -4.7911E+00 -3.8660E-02
  8.0000E+00  5.8600E+01  1.3505E+01  1.7421E+01 -3.9159E+00  1.7217E-01
  8.0000E+00  5.8600E+01  1.3047E+01  1.6951E+01 -3.9044E+00  6.0108E-02
  8.0000E+00  5.8600E+01  1.0564E+01  1.6428E+01 -5.8636E+00 -7.4654E-01
  8.0000E+00  5.8600E+01  1.2683E+01  1.5883E+01 -3.1999E+00  8.0133E-02
  8.0000E+00  5.8600E+01  8.6373E+00  1.5335E+01 -6.6981E+00 -1.2270E+00
  8.0000E+00  5.8600E+01  1.1059E+01  1.4795E+01 -3.7363E+00 -3.0617E-01
  8.0000E+00  5.8600E+01  8.8038E+00  1.2780E+01 -3.9760E+00 -6.9362E-01
  8.0000E+00  5.8600E+01  1.0215E+01  8.2046E+00  2.0104E+00  5.7980E-01
  8.0000E+00  5.8600E+01  9.1337E+00  5.2664E+00  3.8673E+00  8.4777E-01
  8.0000E+00  5.8600E+01  7.4354E+00  3.3804E+00  4.0550E+00  8.1141E-01
  8.0000E+00  5.8600E+01  2.7340E+00  2.1699E+00  5.6413E-01 -8.3198E-02
  8.0000E+00  5.8600E+01  3.1525E+00  1.3928E+00  1.7597E+00  2.4908E-01
  9.0000E+00  4.3500E+01  0.0000E+00  0.0000E+00  0.0000E+00  0.0000E+00
  9.0000E+00  4.3500E+01  8.7304E-01  0.0000E+00  8.7304E-01  2.1204E-01
  9.0000E+00  4.3500E+01  9.3326E+00  9.4038E+00 -7.1194E-02 -6.9179E-01
  9.0000E+00  4.3500E+01  1.8401E+01  1.4524E+01  3.8767E+00  1.1756E-01
  9.0000E+00  4.3500E+01  1.8791E+01  1.7245E+01  1.5462E+00 -9.4353E-01
  9.0000E+00  4.3500E+01  2.2161E+01  1.8622E+01  3.5393E+00 -3.5254E-01
  9.0000E+00  4.3500E+01  2.5832E+01  1.9247E+01  6.5845E+00  7.5110E-01
  9.0000E+00  4.3500E+01  2.7124E+01  1.9454E+01  7.6697E+00  1.1685E+00
  9.0000E+00  4.3500E+01  2.4099E+01  1.9429E+01  4.6704E+00  4.9348E-02
  9.0000E+00  4.3500E+01  2.5978E+01  1.9275E+01  6.7033E+00  8.5506E-01
  9.0000E+00  4.3500E+01  2.6581E+01  1.9051E+01  7.5298E+00  1.2031E+00
  9.0000E+00  4.3500E+01  2.0701E+01  1.8791E+01  1.9100E+00 -8.6733E-01
  9.0000E+00  4.3500E+01  2.3277E+01  1.8512E+01  4.7647E+00  2.4582E-01
  9.0000E+00  4.3500E+01  2.4942E+01  1.8225E+01  6.7166E+00  1.0097E+00
  9.0000E+00  4.3500E+01  1.9075E+01  1.7079E+01  1.9961E+00 -5.4679E-01
  9.0000E+00  4.3500E+01  1.4777E+01  1.4011E+01  7.6570E-01 -5.3020E-01
  9.0000E+00  4.3500E+01  1.6292E+01  1.1493E+01  4.7987E+00  1.0255E+00
  9.0000E+00  4.3500E+01  1.3662E+01  9.4278E+00  4.2342E+00  9.9202E-01
  9.0000E+00  4.3500E+01  1.3293E+01  7.7335E+00  5.5595E+00  1.4586E+00
  9.0000E+00  4.3500E+01  6.0762E+00  6.3437E+00 -2.6747E-01 -1.1281E-01
  1.0000E+01  4.3900E+01  0.0000E+00  0.0000E+00  0.0000E+00  0.0000E+00
  1.0000E+01  4.3900E+01 -3.7150E-01  0.0000E+00 -3.7150E-01 -9.0228E-02
  1.0000E+01  4.3900E+01  6.5295E+00  9.3360E+00 -2.8065E+00 -1.0859E-01
  1.0000E+01  4.3900E+01  4.7900E+00  1.4299E+01 -9.5088E+00 -1.9244E+00
  1.0000E+01  4.3900E+01  1.3608E+01  1.6817E+01 -3.2087E+00  3.8871E-01
  1.0000E+01  4.3900E+01  1.5042E+01  1.7971E+01 -2.9291E+00  5.7214E-01
  1.0000E+01  4.3900E+01  1.0515E+01  1.8368E+01 -7.8533E+00 -1.2553E+00
  1.0000E+01  4.3900E+01  1.7271E+01  1.8348E+01 -1.0771E+00  1.1975E+00
  1.0000E+01  4.3900E+01  1.2888E+01  1.8101E+01 -5.2130E+00 -4.0895E-01
  1.0000E+01  4.3900E+01  1.0862E+01  1.7733E+01 -6.8715E+00 -1.0966E+00
  1.0000E+01  4.3900E+01  1.1253E+01  1.7305E+01 -6.0521E+00 -8.7807E-01
  1.0000E+01  4.3900E+01  1.5143E+01  1.6849E+01 -1.7062E+00  5.9468E-01
  1.0000E+01  4.3900E+01  1.3918E+01  1.6384E+01 -2.4660E+00  2.3508E-01
  1.0000E+01  4.3900E+01  1.1673E+01  1.5920E+01 -4.2469E+00 -4.6902E-01
  1.0000E+01  4.3900E+01  1.4497E+01  1.4151E+01  3.4572E-01  8.0511E-01
  1.0000E+01  4.3900E+01  8.3015E+00  9.9042E+00 -1.6027E+00 -3.5842E-01
  1.0000E+01  4.3900E+01  7.3889E+00  6.9307E+00  4.5817E-01  1.0551E-02
  1.0000E+01  4.3900E+01  6.0079E+00  4.8499E+00  1.1580E+00  1.0112E-01
  1.0000E+01  4.3900E+01  6.8062E+00  3.3939E+00  3.4123E+00  6.5711E-01
  1.0000E+01  4.3900E+01  5.6810E+00  2.3749E+00  3.3061E+00  6.2426E-01
  1.1000E+01  6.9500E+01  0.0000E+00  0.0000E+00  0.0000E+00  0.0000E+00
  1.1000E+01  6.9500E+01 -5.6842E-01  0.0000E+00 -5.6842E-01 -1.3806E-01
  1.1000E+01  6.9500E+01  1.4825E+01  9.2740E+00  5.5510E+00  6.0107E-01
  1.1000E+01  6.9500E+01  2.0806E+01  1.4094E+01  6.7117E+00  4.7032E-01
  1.1000E+01  6.9500E+01  2.2776E+01  1.6432E+01  6.3438E+00  1.1136E-01
  1.1000E+01  6.9500E+01  2.5909E+01  1.7393E+01  8.5161E+00  8.4427E-01
  1.1000E+01  6.9500E+01  2.6750E+01  1.7596E+01  9.1544E+00  1.1434E+00
  1.1000E+01  6.9500E+01  2.2268E+01  1.7387E+01  4.8811E+00 -2.8557E-01
  1.1000E+01  6.9500E+01  2.1373E+01  1.6961E+01  4.4123E+00 -3.0422E-01
  1.1000E+01  6.9500E+01  2.2413E+01  1.6425E+01  5.9878E+00  4.0936E-01
  1.1000E+01  6.9500E+01  2.0015E+01  1.5841E+01  4.1743E+00 -7.5464E-02
  1.1000E+01  6.9500E+01  2.0055E+01  1.5240E+01  4.8147E+00  2.8993E-01
  1.1000E+01  6.9500E+01  2.1338E+01  1.4642E+01  6.6958E+00  1.0562E+00
  1.1000E+01  6.9500E+01  1.7573E+01  1.4056E+01  3.5168E+00  1.1072E-01
  1.1000E+01  6.9500E+01  1.3612E+01  1.1900E+01  1.7121E+00 -5.7229E-02
  1.1000E+01  6.9500E+01  5.6619E+00  7.1912E+00 -1.5293E+00 -3.5583E-01
  1.1000E+01  6.9500E+01  8.5935E-01  4.3449E+00 -3.4856E+00 -6.6117E-01
  1.1000E+01  6.9500E+01  2.6520E+00  2.6252E+00  2.6816E-02  2.8658E-01
  1.1000E+01  6.9500E+01  1.9017E+00  1.5861E+00  3.1557E-01  3.1912E-01
  1.1000E+01  6.9500E+01  3.0592E-01  9.5833E-01 -6.5241E-01  2.6287E-02
  1.2000E+01  6.9600E+01  0.0000E+00  0.0000E+00  0.0000E+00  0.0000E+00
  1.2000E+01  6.9600E+01  6.9916E-01  0.0000E+00  6.9916E-01  1.6981E-01
  1.2000E+01  6.9600E+01  7.5569E+00  9.3680E+00 -1.8111E+00  3.2929E-02
  1.2000E+01  6.9600E+01  1.1316E+01  1.4405E+01 -3.0889E+00 -4.3972E-02
  1.2000E+01  6.9600E+01  1.1144E+01  1.7018E+01 -5.8737E+00 -8.6083E-01
  1.2000E+01  6.9600E+01  1.2664E+01  1.8276E+01 -5.6116E+00 -7.2286E-01
  1.2000E+01  6.9600E+01  1.3131E+01  1.8779E+01 -5.6475E+00 -7.3910E-01
  1.2000E+01  6.9600E+01  1.6421E+01  1.8863E+01 -2.4417E+00  4.3330E-01
  1.2000E+01  6.9600E+01  1.4409E+01  1.8716E+01 -4.3075E+00 -3.1180E-01
  1.2000E+01  6.9600E+01  1.6692E+01  1.8446E+01 -1.7536E+00  5.8386E-01
  1.2000E+01  6.9600E+01  1.5315E+01  1.8109E+01 -2.7942E+00  1.3715E-01
  1.2000E+01  6.9600E+01  1.4247E+01  1.7740E+01 -3.4933E+00 -1.7838E-01
  1.2000E+01  6.9600E+01  9.6188E+00  1.7357E+01 -7.7386E+00 -1.7691E+00
  1.2000E+01  6.9600E+01  1.6966E+01  1.6971E+01 -4.7209E-03  9.5961E-01
  1.2000E+01  6.9600E+01  1.4428E+01  1.5467E+01 -1.0388E+00  3.6741E-01
  1.2000E+01  6.9600E+01  1.0853E+01  1.1670E+01 -8.1686E-01  3.9135E-03
  1.2000E+01  6.9600E+01  1.2252E+01  8.8038E+00  3.4482E+00  1.0292E+00
  1.2000E+01  6.9600E+01  7.5679E+00  6.6417E+00  9.2624E-01  1.5778E-01
  1.2000E+01  6.9600E+01  5.2946E+00  5.0105E+00  2.8409E-01 -7.9143E-02
  1.2000E+01  6.9600E+01  1.4880E+00  3.7800E+00 -2.2920E+00 -7.7483E-01
  1.3000E+01  4.9500E+01  0.0000E+00  0.0000E+00  0.0000E+00  0.0000E+00
  1.3000E+01  4.9500E+01 -3.2042E-01  0.0000E+00 -3.2042E-01 -7.7822E-02
  1.3000E+01  4.9500E+01  6.7460E+00  9.3952E+00 -2.6492E+00  4.7194E-01
  1.3000E+01  4.9500E+01  8.6614E+00  1.4495E+01 -5.8340E+00  2.4826E-01
  1.3000E+01  4.9500E+01  8.3299E+00  1.7190E+01 -8.8599E+00 -3.9110E-01
  1.3000E+01  4.9500E+01  8.7517E+00  1.8538E+01 -9.7860E+00 -5.5262E-01
  1.3000E+01  4.9500E+01  6.7008E+00  1.9133E+01 -1.2433E+01 -1.5009E+00
  1.3000E+01  4.9500E+01  1.2519E+01  1.9310E+01 -6.7910E+00  6.1167E-01
  1.3000E+01  4.9500E+01  9.3268E+00  1.9255E+01 -9.9277E+00 -6.3895E-01
  1.3000E+01  4.9500E+01  1.1918E+01  1.9072E+01 -7.1535E+00  3.2714E-01
  1.3000E+01  4.9500E+01  9.9731E+00  1.8820E+01 -8.8467E+00 -4.0405E-01
  1.3000E+01  4.9500E+01  7.5797E+00  1.8532E+01 -1.0953E+01 -1.2836E+00
  1.3000E+01  4.9500E+01  7.9599E+00  1.8227E+01 -1.0267E+01 -1.1195E+00
  1.3000E+01  4.9500E+01  1.3055E+01  1.7915E+01 -4.8598E+00  7.7394E-01
  1.3000E+01  4.9500E+01  7.5450E+00  1.6676E+01 -9.1307E+00 -1.1274E+00
  1.3000E+01  4.9500E+01  1.0013E+01  1.3408E+01 -3.3946E+00  4.0621E-02
  1.3000E+01  4.9500E+01  5.4839E+00  1.0779E+01 -5.2947E+00 -1.0635E+00
  1.3000E+01  4.9500E+01  8.2221E+00  8.6651E+00 -4.4298E-01  6.7454E-02
  1.3000E+01  4.9500E+01  6.4078E+00  6.9660E+00 -5.5820E-01 -1.8159E-01
  1.3000E+01  4.9500E+01  4.9566E+00  5.6001E+00 -6.4348E-01 -3.3162E-01
  1.4000E+01  4.6100E+01  0.0000E+00  0.0000E+00  0.0000E+00  0.0000E+00
  1.4000E+01  4.6100E+01 -1.0504E+00  0.0000E+00 -1.0504E+00 -2.5512E-01
  1.4000E+01  4.6100E+01  5.8911E+00  9.3304E+00 -3.4393E+00  4.5767E-02
  1.4000E+01  4.6100E+01  7.8781E+00  1.4280E+01 -6.4020E+00 -3.0067E-01
  1.4000E+01  4.6100E+01  1.1491E+01  1.6781E+01 -5.2904E+00  3.8927E-01
  1.4000E+01  4.6100E+01  7.3182E+00  1.7918E+01 -1.0600E+01 -1.4234E+00
  1.4000E+01  4.6100E+01  9.3346E+00  1.8297E+01 -8.9620E+00 -8.3712E-01
  1.4000E+01  4.6100E+01  1.2041E+01  1.8258E+01 -6.2175E+00  1.1012E-01
  1.4000E+01  4.6100E+01  1.5854E+01  1.7994E+01 -2.1401E+00  1.5074E+00
  1.4000E+01  4.6100E+01  1.0822E+01  1.7610E+01 -6.7882E+00 -3.1037E-01
  1.4000E+01  4.6100E+01  9.2415E+00  1.7166E+01 -7.9249E+00 -8.3346E-01
  1.4000E+01  4.6100E+01  8.2463E+00  1.6696E+01 -8.4497E+00 -1.1270E+00
  1.4000E+01  4.6100E+01  9.9437E+00  1.6217E+01 -6.2737E+00 -4.6288E-01
  1.4000E+01  4.6100E+01  8.5157E+00  1.5741E+01 -7.2249E+00 -8.9580E-01
  1.4000E+01  4.6100E+01  8.6114E+00  1.3930E+01 -5.3187E+00 -5.9740E-01
  1.4000E+01  4.6100E+01  5.0943E+00  9.6203E+00 -4.5260E+00 -9.8590E-01
  1.4000E+01  4.6100E+01  5.2004E+00  6.6428E+00 -1.4424E+00 -3.9399E-01
  1.4000E+01  4.6100E+01  3.4361E+00  4.5869E+00 -1.1508E+00 -4.4903E-01
  1.4000E+01  4.6100E+01  4.1310E+00  3.1673E+00  9.6371E-01  5.5656E-02
  1.4000E+01  4.6100E+01  3.2494E+00  2.1870E+00  1.0624E+00  7.2235E-02
  1.5000E+01  5.4300E+01  0.0000E+00  0.0000E+00  0.0000E+00  0.0000E+00
  1.5000E+01  5.4300E+01 -1.2576E+00  0.0000E+00 -1.2576E+00 -3.0544E-01
  1.5000E+01  5.4300E+01  6.8983E+00  9.3885E+00 -2.4902E+00 -1.7606E-01
  1.5000E+01  5.4300E+01  8.7259E+00  1.4473E+01 -5.7471E+00 -9.4076E-01
  1.5000E+01  5.4300E+01  1.2060E+01  1.7147E+01 -5.0871E+00 -5.8630E-01
  1.5000E+01  5.4300E+01  1.2764E+01  1.8473E+01 -5.7086E+00 -7.5572E-01
  1.5000E+01  5.4300E+01  1.7664E+01  1.9045E+01 -1.3811E+00  8.8105E-01
  1.5000E+01  5.4300E+01  1.6253E+01  1.9199E+01 -2.9455E+00  2.7929E-01
  1.5000E+01  5.4300E+01  1.5789E+01  1.9120E+01 -3.3312E+00  1.0001E-01
  1.5000E+01  5.4300E+01  1.4210E+01  1.8915E+01 -4.7050E+00 -4.5969E-01
  1.5000E+01  5.4300E+01  1.2709E+01  1.8642E+01 -5.9327E+00 -9.6222E-01
  1.5000E+01  5.4300E+01  1.4782E+01  1.8333E+01 -3.5514E+00 -1.2126E-01
  1.5000E+01  5.4300E+01  1.3680E+01  1.8008E+01 -4.3284E+00 -4.5443E-01
  1.5000E+01  5.4300E+01  1.8359E+01  1.7677E+01  6.8209E-01  1.3273E+00
  1.5000E+01  5.4300E+01  1.2386E+01  1.6369E+01 -3.9827E+00 -5.3440E-01
  1.5000E+01  5.4300E+01  1.1557E+01  1.2956E+01 -1.3989E+00 -2.9325E-02
  1.5000E+01  5.4300E+01  8.9367E+00  1.0253E+01 -1.3166E+00 -2.3605E-01
  1.5000E+01  5.4300E+01  9.1989E+00  8.1145E+00  1.0844E+00  3.2306E-01
  1.5000E+01  5.4300E+01  8.1492E+00  6.4218E+00  1.7274E+00  4.0304E-01
  1.5000E+01  5.4300E+01  3.2366E+00  5.0823E+00 -1.8457E+00 -6.1926E-01
  1.6000E+01  3.0200E+01  0.0000E+00  0.0000E+00  0.0000E+00  0.0000E+00
  1.6000E+01  3.0200E+01  2.9605E-01  0.0000E+00  2.9605E-01  7.1903E-02
  1.6000E+01  3.0200E+01  1.2864E+01  9.4241E+00  3.4399E+00  7.2675E-01
  1.6000E+01  3.0200E+01  1.9816E+01  1.4592E+01  5.2236E+00  1.2355E+00
  1.6000E+01  3.0200E+01  2.0708E+01  1.7375E+01  3.3330E+00  5.4422E-01
  1.6000E+01  3.0200E+01  2.0340E+01  1.8821E+01  1.5189E+00 -1.6255E-01
  1.6000E+01  3.0200E+01  1.9966E+01  1.9519E+01  4.4704E-01 -5.9289E-01
  1.6000E+01  3.0200E+01  1.8822E+01  1.9799E+01 -9.7654E-01 -1.1451E+00
  1.6000E+01  3.0200E+01  2.3543E+01  1.9845E+01  3.6981E+00  6.6008E-01
  1.6000E+01  3.0200E+01  2.1939E+01  1.9762E+01  2.1771E+00  8.9750E-02
  1.6000E+01  3.0200E+01  2.4493E+01  1.9608E+01  4.8854E+00  1.1432E+00
  1.6000E+01  3.0200E+01  2.3563E+01  1.9415E+01  4.1483E+00  8.7604E-01
  1.6000E+01  3.0200E+01  2.2517E+01  1.9202E+01  3.3155E+00  5.7540E-01
  1.6000E+01  3.0200E+01  1.6775E+01  1.8978E+01 -2.2032E+00 -1.4869E+00
  1.6000E+01  3.0200E+01  2.0776E+01  1.8067E+01  2.7091E+00  4.2908E-01
  1.6000E+01  3.0200E+01  1.2688E+01  1.5542E+01 -2.8537E+00 -1.3395E+00
  1.6000E+01  3.0200E+01  1.2005E+01  1.3368E+01 -1.3629E+00 -6.5157E-01
  1.6000E+01  3.0200E+01  9.5967E+00  1.1498E+01 -1.9015E+00 -6.9610E-01
  1.6000E+01  3.0200E+01  1.1326E+01  9.8899E+00  1.4361E+00  4.0030E-01
  1.6000E+01  3.0200E+01  1.1408E+01  8.5066E+00  2.9014E+00  8.6230E-01
  1.7000E+01  4.4900E+01  0.0000E+00  0.0000E+00  0.0000E+00  0.0000E+00
  1.7000E+01  4.4900E+01  1.5452E+00  0.0000E+00  1.5452E+00  3.7529E-01
  1.7000E+01  4.4900E+01  6.3148E+00  9.3335E+00 -3.0187E+00 -2.2136E-01
  1.7000E+01  4.4900E+01  1.1782E+01  1.4290E+01 -2.5083E+00  3.1605E-01
  1.7000E+01  4.4900E+01  1.0068E+01  1.6801E+01 -6.7326E+00 -9.6833E-01
  1.7000E+01  4.4900E+01  1.0811E+01  1.7947E+01 -7.1357E+00 -1.0844E+00
  1.7000E+01  4.4900E+01  1.4761E+01  1.8336E+01 -3.5746E+00  2.0641E-01
  1.7000E+01  4.4900E+01  1.2888E+01  1.8307E+01 -5.4192E+00 -5.2996E-01
  1.7000E+01  4.4900E+01  1.2712E+01  1.8052E+01 -5.3402E+00 -5.7198E-01
  1.7000E+01  4.4900E+01  1.4478E+01  1.7677E+01 -3.1991E+00  1.3055E-01
  1.7000E+01  4.4900E+01  1.1640E+01  1.7242E+01 -5.6017E+00 -8.2126E-01
  1.7000E+01  4.4900E+01  1.4605E+01  1.6779E+01 -2.1741E+00  3.2546E-01
  1.7000E+01  4.4900E+01  1.3470E+01  1.6308E+01 -2.8378E+00  7.6466E-03
  1.7000E+01  4.4900E+01  1.6893E+01  1.5838E+01  1.0551E+00  1.2845E+00
  1.7000E+01  4.4900E+01  1.2601E+01  1.4050E+01 -1.4490E+00  1.3461E-01
  1.7000E+01  4.4900E+01  9.3644E+00  9.7737E+00 -4.0930E-01 -3.2814E-02
  1.7000E+01  4.4900E+01  7.5676E+00  6.7979E+00  7.6968E-01  8.6836E-02
  1.7000E+01  4.4900E+01  4.8312E+00  4.7282E+00  1.0304E-01 -1.7967E-01
  1.7000E+01  4.4900E+01  4.8111E+00  3.2886E+00  1.5225E+00  1.7341E-01
  1.7000E+01  4.4900E+01  6.3611E+00  2.2873E+00  4.0738E+00  8.2874E-01
  1.8000E+01  4.7100E+01  0.0000E+00  0.0000E+00  0.0000E+00  0.0000E+00
  1.8000E+01  4.7100E+01  3.1204E-01  0.0000E+00  3.1204E-01  7.5787E-02
  1.8000E+01  4.7100E+01  6.9726E+00  9.3986E+00 -2.4260E+00 -2.7047E-02
  1.8000E+01  4.7100E+01  8.1525E+00  1.4507E+01 -6.3543E+00 -9.1580E-01
  1.8000E+01  4.7100E+01  1.2120E+01  1.7212E+01 -5.0915E+00 -2.9933E-01
  1.8000E+01  4.7100E+01  1.2662E+01  1.8571E+01 -5.9089E+00 -5.1155E-01
  1.8000E+01  4.7100E+01  1.2470E+01  1.9178E+01 -6.7085E+00 -7.9640E-01
  1.8000E+01  4.7100E+01  9.3747E+00  1.9367E+01 -9.9924E+00 -2.0659E+00
  1.8000E+01  4.7100E+01  1.8400E+01  1.9323E+01 -9.2327E-01  1.3370E+00
  1.8000E+01  4.7100E+01  1.4095E+01  1.9152E+01 -5.0567E+00 -2.8456E-01
  1.8000E+01  4.7100E+01  1.3996E+01  1.8911E+01 -4.9151E+00 -2.8847E-01
  1.8000E+01  4.7100E+01  1.6603E+01  1.8634E+01 -2.0313E+00  7.2929E-01
  1.8000E+01  4.7100E+01  1.4755E+01  1.8340E+01 -3.5845E+00  8.7354E-02
  1.8000E+01  4.7100E+01  1.6253E+01  1.8037E+01 -1.7842E+00  6.8876E-01
  1.8000E+01  4.7100E+01  1.2588E+01  1.6834E+01 -4.2463E+00 -4.3032E-01
  1.8000E+01  4.7100E+01  1.2801E+01  1.3644E+01 -8.4257E-01  2.3979E-01
  1.8000E+01  4.7100E+01  1.2319E+01  1.1056E+01  1.2628E+00  5.6566E-01
  1.8000E+01  4.7100E+01  1.1550E+01  8.9595E+00  2.5905E+00  7.3228E-01
  1.8000E+01  4.7100E+01  8.9685E+00  7.2605E+00  1.7080E+00  3.3421E-01
  1.8000E+01  4.7100E+01  6.7483E+00  5.8836E+00  8.6469E-01  2.2321E-02
  1.9000E+01  5.4600E+01  0.0000E+00  0.0000E+00  0.0000E+00  0.0000E+00
  1.9000E+01  5.4600E+01 -3.2296E-01  0.0000E+00 -3.2296E-01 -7.8439E-02
  1.9000E+01  5.4600E+01  1.4465E+01  9.3880E+00  5.0770E+00 -1.9415E-01
  1.9000E+01  5.4600E+01  2.6456E+01  1.4472E+01  1.1984E+01  1.0430E+00
  1.9000E+01  5.4600E+01  2.9819E+01  1.7144E+01  1.2675E+01  8.0613E-01
  1.9000E+01  5.4600E+01  2.8395E+01  1.8469E+01  9.9264E+00 -4.2521E-01
  1.9000E+01  5.4600E+01  3.1180E+01  1.9040E+01  1.2140E+01  3.4570E-01
  1.9000E+01  5.4600E+01  3.4463E+01  1.9192E+01  1.5271E+01  1.5821E+00
  1.9000E+01  5.4600E+01  3.2464E+01  1.9112E+01  1.3352E+01  9.6278E-01
  1.9000E+01  5.4600E+01  3.0248E+01  1.8905E+01  1.1343E+01  3.3947E-01
  1.9000E+01  5.4600E+01  3.1240E+01  1.8631E+01  1.2609E+01  9.5945E-01
  1.9000E+01  5.4600E+01  2.9189E+01  1.8321E+01  1.0868E+01  4.6082E-01
  1.9000E+01  5.4600E+01  3.3009E+01  1.7995E+01  1.5014E+01  2.1333E+00
  1.9000E+01  5.4600E+01  2.4518E+01  1.7662E+01  6.8557E+00 -7.0607E-01
  1.9000E+01  5.4600E+01  2.1881E+01  1.6350E+01  5.5311E+00 -6.0344E-01
  1.9000E+01  5.4600E+01  1.3470E+01  1.2929E+01  5.4147E-01 -1.0006E+00
  1.9000E+01  5.4600E+01  8.9478E+00  1.0222E+01 -1.2740E+00 -7.6815E-01
  1.9000E+01  5.4600E+01  5.9032E+00  8.0817E+00 -2.1785E+00 -5.5499E-01
  1.9000E+01  5.4600E+01  5.0676E+00  6.3897E+00 -1.3221E+00 -4.1265E-02
  1.9000E+01  5.4600E+01  3.2325E+00  5.0519E+00 -1.8194E+00 -3.4338E-02
  2.0000E+01  5.0700E+01  0.0000E+00  0.0000E+00  0.0000E+00  0.0000E+00
  2.0000E+01  5.0700E+01  5.0709E-02  0.0000E+00  5.0709E-02  1.2316E-02
  2.0000E+01  5.0700E+01  5.1043E+00  9.3188E+00 -4.2145E+00 -1.0194E+00
  2.0000E+01  5.0700E+01  1.1996E+01  1.4242E+01 -2.2457E+00 -3.5991E-01
  2.0000E+01  5.0700E+01  1.5094E+01  1.6709E+01 -1.6151E+00 -9.5794E-02
  2.0000E+01  5.0700E+01  1.5925E+01  1.7809E+01 -1.8836E+00 -1.7517E-01
  2.0000E+01  5.0700E+01  2.0068E+01  1.8150E+01  1.9177E+00  1.2185E+00
  2.0000E+01  5.0700E+01  1.3769E+01  1.8076E+01 -4.3069E+00 -1.0886E+00
  2.0000E+01  5.0700E+01  1.3709E+01  1.7777E+01 -4.0678E+00 -1.0172E+00
  2.0000E+01  5.0700E+01  1.6929E+01  1.7360E+01 -4.3097E-01  2.8095E-01
  2.0000E+01  5.0700E+01  1.6226E+01  1.6885E+01 -6.5932E-01  1.6897E-01
  2.0000E+01  5.0700E+01  1.3739E+01  1.6386E+01 -2.6471E+00 -5.6059E-01
  2.0000E+01  5.0700E+01  1.8221E+01  1.5881E+01  2.3404E+00  1.1569E+00
  2.0000E+01  5.0700E+01  1.3661E+01  1.5379E+01 -1.7180E+00 -2.7685E-01
  2.0000E+01  5.0700E+01  1.5054E+01  1.3487E+01  1.5672E+00  7.3001E-01
  2.0000E+01  5.0700E+01  9.1650E+00  9.0626E+00  1.0238E-01  7.9935E-02
  2.0000E+01  5.0700E+01  4.2707E+00  6.0888E+00 -1.8181E+00 -5.1849E-01
  2.0000E+01  5.0700E+01  2.5677E+00  4.0907E+00 -1.5230E+00 -4.4454E-01
  2.0000E+01  5.0700E+01  1.6778E+00  2.7484E+00 -1.0706E+00 -3.2292E-01
  2.0000E+01  5.0700E+01  9.3494E-01  1.8465E+00 -9.1157E-01 -2.7481E-01
  2.1000E+01  5.8200E+01  0.0000E+00  0.0000E+00  0.0000E+00  0.0000E+00
  2.1000E+01  5.8200E+01 -6.3680E-01  0.0000E+00 -6.3680E-01 -1.5466E-01
  2.1000E+01  5.8200E+01  6.3595E+00  9.3831E+00 -3.0236E+00 -7.3405E-01
  2.1000E+01  5.8200E+01  1.5855E+01  1.4455E+01  1.3998E+00  7.4706E-01
  2.1000E+01  5.8200E+01  1.5698E+01  1.7113E+01 -1.4152E+00 -1.4986E-01
  2.1000E+01  5.8200E+01  1.5805E+01  1.8421E+01 -2.6160E+00 -5.7183E-01
  2.1000E+01  5.8200E+01  1.6053E+01  1.8975E+01 -2.9221E+00 -6.8523E-01
  2.1000E+01  5.8200E+01  1.6503E+01  1.9110E+01 -2.6073E+00 -5.6848E-01
  2.1000E+01  5.8200E+01  2.0913E+01  1.9014E+01  1.8991E+00  1.1258E+00
  2.1000E+01  5.8200E+01  1.9193E+01  1.8791E+01  4.0170E-01  5.5155E-01
  2.1000E+01  5.8200E+01  1.8181E+01  1.8501E+01 -3.2022E-01  2.7037E-01
  2.1000E+01  5.8200E+01  1.5875E+01  1.8177E+01 -2.3017E+00 -4.7233E-01
  2.1000E+01  5.8200E+01  1.8073E+01  1.7836E+01  2.3689E-01  4.5093E-01
  2.1000E+01  5.8200E+01  1.6874E+01  1.7490E+01 -6.1577E-01  1.2825E-01
  2.1000E+01  5.8200E+01  1.3723E+01  1.6128E+01 -2.4053E+00 -5.3861E-01
  2.1000E+01  5.8200E+01  7.5339E+00  1.2607E+01 -5.0733E+00 -1.4300E+00
  2.1000E+01  5.8200E+01  9.5438E+00  9.8535E+00 -3.0971E-01  3.4834E-02
  2.1000E+01  5.8200E+01  6.1862E+00  7.7013E+00 -1.5151E+00 -3.4939E-01
  2.1000E+01  5.8200E+01  4.8479E+00  6.0191E+00 -1.1712E+00 -2.6862E-01
  2.1000E+01  5.8200E+01  3.7991E+00  4.7044E+00 -9.0533E-01 -2.0832E-01
  2.2000E+01  5.2600E+01  0.0000E+00  0.0000E+00  0.0000E+00  0.0000E+00
  2.2000E+01  5.2600E+01 -3.6637E-01  0.0000E+00 -3.6637E-01 -8.8982E-02
  2.2000E+01  5.2600E+01  1.0344E+01  9.3141E+00  1.0299E+00  1.5212E-02
  2.2000E+01  5.2600E+01  1.6229E+01  1.4226E+01  2.0028E+00  1.7035E-01
  2.2000E+01  5.2600E+01  1.7370E+01  1.6680E+01  6.9021E-01 -3.6392E-01
  2.2000E+01  5.2600E+01  1.8243E+01  1.7765E+01  4.7848E-01 -4.7748E-01
  2.2000E+01  5.2600E+01  2.4027E+01  1.8091E+01  5.9357E+00  1.5301E+00
  2.2000E+01  5.2600E+01  2.1692E+01  1.8002E+01  3.6897E+00  7.2747E-01
  2.2000E+01  5.2600E+01  1.8074E+01  1.7689E+01  3.8475E-01 -4.4977E-01
  2.2000E+01  5.2600E+01  1.9617E+01  1.7259E+01  2.3576E+00  3.0161E-01
  2.2000E+01  5.2600E+01  1.7450E+01  1.6772E+01  6.7752E-01 -2.6402E-01
  2.2000E+01  5.2600E+01  1.4898E+01  1.6262E+01 -1.3638E+00 -9.4258E-01
  2.2000E+01  5.2600E+01  2.0362E+01  1.5746E+01  4.6162E+00  1.1780E+00
  2.2000E+01  5.2600E+01  1.4467E+01  1.5234E+01 -7.6748E-01 -6.4837E-01
  2.2000E+01  5.2600E+01  1.4981E+01  1.3311E+01  1.6702E+00  2.8580E-01
  2.2000E+01  5.2600E+01  8.8459E+00  8.8454E+00  4.9579E-04 -4.6248E-02
  2.2000E+01  5.2600E+01  7.6807E+00  5.8771E+00  1.8036E+00  5.3060E-01
  2.2000E+01  5.2600E+01  2.8642E+00  3.9048E+00 -1.0406E+00 -2.0901E-01
  2.2000E+01  5.2600E+01  1.9533E+00  2.5944E+00 -6.4114E-01 -9.6023E-02
  2.2000E+01  5.2600E+01  1.8236E+00  1.7238E+00  9.9804E-02  8.6484E-02
  2.3000E+01  4.8800E+01  0.0000E+00  0.0000E+00  0.0000E+00  0.0000E+00
  2.3000E+01  4.8800E+01  1.8423E+00  0.0000E+00  1.8423E+00  4.4745E-01
  2.3000E+01  4.8800E+01  1.1117E+01  9.3962E+00  1.7208E+00  3.0730E-01
  2.3000E+01  4.8800E+01  1.9169E+01  1.4499E+01  4.6703E+00  1.2084E+00
  2.3000E+01  4.8800E+01  1.7697E+01  1.7196E+01  5.0091E-01 -2.6184E-01
  2.3000E+01  4.8800E+01  2.1983E+01  1.8547E+01  3.4357E+00  7.9083E-01
  2.3000E+01  4.8800E+01  2.2164E+01  1.9146E+01  3.0175E+00  6.4282E-01
  2.3000E+01  4.8800E+01  1.7968E+01  1.9327E+01 -1.3586E+00 -1.0048E+00
  2.3000E+01  4.8800E+01  2.1914E+01  1.9274E+01  2.6396E+00  5.2795E-01
  2.3000E+01  4.8800E+01  2.2512E+01  1.9095E+01  3.4172E+00  8.3888E-01
  2.3000E+01  4.8800E+01  2.0095E+01  1.8846E+01  1.2487E+00  4.0883E-02
  2.3000E+01  4.8800E+01  1.9219E+01  1.8562E+01  6.5722E-01 -1.5847E-01
  2.3000E+01  4.8800E+01  1.8926E+01  1.8260E+01  6.6630E-01 -1.3271E-01
  2.3000E+01  4.8800E+01  1.6634E+01  1.7950E+01 -1.3163E+00 -8.3842E-01
  2.3000E+01  4.8800E+01  1.5448E+01  1.6722E+01 -1.2736E+00 -7.2219E-01
  2.3000E+01  4.8800E+01  1.0097E+01  1.3476E+01 -3.3787E+00 -1.1947E+00
  2.3000E+01  4.8800E+01  1.0283E+01  1.0858E+01 -5.7548E-01 -1.6142E-01
  2.3000E+01  4.8800E+01  7.5491E+00  8.7496E+00 -1.2005E+00 -2.7795E-01
  2.3000E+01  4.8800E+01  7.1956E+00  7.0503E+00  1.4534E-01  1.4393E-01
  2.3000E+01  4.8800E+01  5.4852E+00  5.6810E+00 -1.9577E-01  6.3157E-02
  2.4000E+01  5.0600E+01  0.0000E+00  0.0000E+00  0.0000E+00  0.0000E+00
  2.4000E+01  5.0600E+01 -6.2445E-01  0.0000E+00 -6.2445E-01 -1.5166E-01
  2.4000E+01  5.0600E+01  1.3398E+01  9.3190E+00  4.0790E+00  6.0168E-02
  2.4000E+01  5.0600E+01  2.0635E+01  1.4243E+01  6.3924E+00  1.6603E-01
  2.4000E+01  5.0600E+01  2.4592E+01  1.6711E+01  7.8814E+00  3.8483E-01
  2.4000E+01  5.0600E+01  2.9019E+01  1.7811E+01  1.1208E+01  1.5127E+00
  2.4000E+01  5.0600E+01  2.7174E+01  1.8153E+01  9.0205E+00  7.5558E-01
  2.4000E+01  5.0600E+01  2.4045E+01  1.8080E+01  5.9652E+00 -2.6784E-01
  2.4000E+01  5.0600E+01  2.5106E+01  1.7781E+01  7.3246E+00  3.6432E-01
  2.4000E+01  5.0600E+01  2.6261E+01  1.7365E+01  8.8957E+00  1.0754E+00
  2.4000E+01  5.0600E+01  2.1333E+01  1.6891E+01  4.4417E+00 -3.7851E-01
  2.4000E+01  5.0600E+01  2.4573E+01  1.6393E+01  8.1804E+00  1.0906E+00
  2.4000E+01  5.0600E+01  1.6318E+01  1.5888E+01  4.3026E-01 -1.4813E+00
  2.4000E+01  5.0600E+01  2.2964E+01  1.5387E+01  7.5773E+00  1.1267E+00
  2.4000E+01  5.0600E+01  1.4390E+01  1.3496E+01  8.9383E-01 -6.7064E-01
  2.4000E+01  5.0600E+01  8.9000E+00  9.0743E+00 -1.7426E-01 -1.5269E-01
  2.4000E+01  5.0600E+01  4.1904E+00  6.1002E+00 -1.9098E+00 -2.9627E-01
  2.4000E+01  5.0600E+01  2.2517E+00  4.1008E+00 -1.8491E+00 -1.5412E-01
  2.4000E+01  5.0600E+01  8.9925E-01  2.7568E+00 -1.8575E+00 -1.3789E-01
  2.4000E+01  5.0600E+01 -7.6163E-01  1.8532E+00 -2.6149E+00 -3.5582E-01
  2.5000E+01  5.0300E+01  0.0000E+00  0.0000E+00  0.0000E+00  0.0000E+00
  2.5000E+01  5.0300E+01 -2.7706E-01  0.0000E+00 -2.7706E-01 -6.7291E-02
  2.5000E+01  5.0300E+01  1.4937E+01  9.3940E+00  5.5430E+00  4.0008E-01
  2.5000E+01  5.0300E+01  2.2370E+01  1.4492E+01  7.8784E+00  4.6966E-01
  2.5000E+01  5.0300E+01  2.7784E+01  1.7183E+01  1.0601E+01  1.0730E+00
  2.5000E+01  5.0300E+01  3.3748E+01  1.8527E+01  1.5221E+01  2.6535E+00
  2.5000E+01  5.0300E+01  3.0535E+01  1.9118E+01  1.1417E+01  1.2302E+00
  2.5000E+01  5.0300E+01  2.8792E+01  1.9291E+01  9.5008E+00  5.5559E-01
  2.5000E+01  5.0300E+01  2.7233E+01  1.9232E+01  8.0012E+00  7.4117E-02
  2.5000E+01  5.0300E+01  2.7830E+01  1.9045E+01  8.7849E+00  4.7755E-01
  2.5000E+01  5.0300E+01  2.9673E+01  1.8790E+01  1.0883E+01  1.3786E+00
  2.5000E+01  5.0300E+01  2.3075E+01  1.8499E+01  4.5764E+00 -8.5734E-01
  2.5000E+01  5.0300E+01  2.5532E+01  1.8190E+01  7.3419E+00  2.9019E-01
  2.5000E+01  5.0300E+01  1.8616E+01  1.7875E+01  7.4143E-01 -2.0118E+00
  2.5000E+01  5.0300E+01  1.8537E+01  1.6624E+01  1.9134E+00 -1.1053E+00
  2.5000E+01  5.0300E+01  1.1197E+01  1.3330E+01 -2.1335E+00 -1.4219E+00
  2.5000E+01  5.0300E+01  6.9259E+00  1.0688E+01 -3.7624E+00 -1.2657E+00
  2.5000E+01  5.0300E+01  4.4351E+00  8.5699E+00 -4.1348E+00 -9.6951E-01
  2.5000E+01  5.0300E+01  5.6404E-01  6.8713E+00 -6.3073E+00 -1.3417E+00
  2.5000E+01  5.0300E+01  1.3267E+00  5.5094E+00 -4.1827E+00 -6.1847E-01
  2.6000E+01  6.0100E+01  0.0000E+00  0.0000E+00  0.0000E+00  0.0000E+00
  2.6000E+01  6.0100E+01  1.5077E+00  0.0000E+00  1.5077E+00  3.6618E-01
  2.6000E+01  6.0100E+01  1.4251E+01  9.2959E+00  4.9551E+00  7.5148E-01
  2.6000E+01  6.0100E+01  1.8683E+01  1.4166E+01  4.5167E+00  2.9071E-01
  2.6000E+01  6.0100E+01  2.1009E+01  1.6567E+01  4.4417E+00  9.7792E-02
  2.6000E+01  6.0100E+01  2.0798E+01  1.7595E+01  3.2027E+00 -3.9344E-01
  2.6000E+01  6.0100E+01  2.4266E+01  1.7865E+01  6.4009E+00  8.0654E-01
  2.6000E+01  6.0100E+01  2.2509E+01  1.7721E+01  4.7881E+00  2.9226E-01
  2.6000E+01  6.0100E+01  2.5867E+01  1.7356E+01  8.5115E+00  1.7293E+00
  2.6000E+01  6.0100E+01  1.6664E+01  1.6877E+01 -2.1254E-01 -1.3040E+00
  2.6000E+01  6.0100E+01  1.6596E+01  1.6344E+01  2.5204E-01 -1.0221E+00
  2.6000E+01  6.0100E+01  2.1713E+01  1.5791E+01  5.9219E+00  1.0584E+00
  2.6000E+01  6.0100E+01  1.7280E+01  1.5236E+01  2.0438E+00 -1.9207E-01
  2.6000E+01  6.0100E+01  1.8856E+01  1.4689E+01  4.1667E+00  6.1394E-01
  2.6000E+01  6.0100E+01  1.4259E+01  1.2653E+01  1.6065E+00  4.4911E-02
  2.6000E+01  6.0100E+01  8.3436E+00  8.0543E+00  2.8931E-01  1.1196E-01
  2.6000E+01  6.0100E+01  2.7162E+00  5.1263E+00 -2.4101E+00 -4.6020E-01
  2.6000E+01  6.0100E+01 -2.2647E-01  3.2627E+00 -3.4892E+00 -6.8439E-01
  2.6000E+01  6.0100E+01  9.1058E-01  2.0766E+00 -1.1660E+00 -9.4250E-02
  2.6000E+01  6.0100E+01 -7.6718E-01  1.3217E+00 -2.0888E+00 -3.5454E-01
  2.7000E+01  5.7200E+01  0.0000E+00  0.0000E+00  0.0000E+00  0.0000E+00
  2.7000E+01  5.7200E+01 -6.5115E-01  0.0000E+00 -6.5115E-01 -1.5815E-01
  2.7000E+01  5.7200E+01  3.3680E+00  9.3029E+00 -5.9349E+00 -1.0814E+00
  2.7000E+01  5.7200E+01  6.4658E+00  1.4189E+01 -7.7234E+00 -1.4242E+00
  2.7000E+01  5.7200E+01  1.3054E+01  1.6610E+01 -3.5562E+00  1.2648E-01
  2.7000E+01  5.7200E+01  1.4153E+01  1.7660E+01 -3.5068E+00  1.8674E-01
  2.7000E+01  5.7200E+01  1.4996E+01  1.7951E+01 -2.9553E+00  3.5353E-01
  2.7000E+01  5.7200E+01  1.1168E+01  1.7828E+01 -6.6601E+00 -1.0770E+00
  2.7000E+01  5.7200E+01  1.4822E+01  1.7482E+01 -2.6605E+00  2.8753E-01
  2.7000E+01  5.7200E+01  1.0910E+01  1.7022E+01 -6.1120E+00 -1.0520E+00
  2.7000E+01  5.7200E+01  1.3886E+01  1.6507E+01 -2.6206E+00  9.6793E-02
  2.7000E+01  5.7200E+01  1.3911E+01  1.5970E+01 -2.0586E+00  1.9572E-01
  2.7000E+01  5.7200E+01  1.5853E+01  1.5429E+01  4.2379E-01  9.5647E-01
  2.7000E+01  5.7200E+01  1.0218E+01  1.4896E+01 -4.6775E+00 -8.7318E-01
  2.7000E+01  5.7200E+01  1.5392E+01  1.2900E+01  2.4915E+00  1.2056E+00
  2.7000E+01  5.7200E+01  9.4992E+00  8.3483E+00  1.1509E+00  2.4904E-01
  2.7000E+01  5.7200E+01  8.5407E+00  5.4015E+00  3.1392E+00  6.1406E-01
  2.7000E+01  5.7200E+01  7.5509E+00  3.4949E+00  4.0560E+00  7.9496E-01
  2.7000E+01  5.7200E+01  2.4598E+00  2.2613E+00  1.9851E-01 -1.8573E-01
  2.7000E+01  5.7200E+01  2.6450E+00  1.4631E+00  1.1819E+00  9.9596E-02
  2.8000E+01  4.8100E+01  0.0000E+00  0.0000E+00  0.0000E+00  0.0000E+00
  2.8000E+01  4.8100E+01  1.4284E+00  0.0000E+00  1.4284E+00  3.4692E-01
  2.8000E+01  4.8100E+01  9.3231E+00  9.3972E+00 -7.4053E-02 -3.6546E-02
  2.8000E+01  4.8100E+01  1.6756E+01  1.4502E+01  2.2539E+00  7.2729E-01
  2.8000E+01  4.8100E+01  1.3775E+01  1.7202E+01 -3.4274E+00 -1.2584E+00
  2.8000E+01  4.8100E+01  1.6927E+01  1.8557E+01 -1.6300E+00 -6.3970E-01
  2.8000E+01  4.8100E+01  1.9989E+01  1.9160E+01  8.2938E-01  2.7757E-01
  2.8000E+01  4.8100E+01  2.1599E+01  1.9343E+01  2.2558E+00  8.2152E-01
  2.8000E+01  4.8100E+01  1.8851E+01  1.9294E+01 -4.4348E-01 -2.0159E-01
  2.8000E+01  4.8100E+01  2.1585E+01  1.9118E+01  2.4668E+00  9.0046E-01
  2.8000E+01  4.8100E+01  2.0916E+01  1.8873E+01  2.0431E+00  7.3767E-01
  2.8000E+01  4.8100E+01  1.9287E+01  1.8592E+01  6.9549E-01  2.3169E-01
  2.8000E+01  4.8100E+01  1.7002E+01  1.8292E+01 -1.2904E+00 -5.0335E-01
  2.8000E+01  4.8100E+01  1.4303E+01  1.7986E+01 -3.6829E+00 -1.3764E+00
  2.8000E+01  4.8100E+01  1.7097E+01  1.6768E+01  3.2923E-01  1.0025E-01
  2.8000E+01  4.8100E+01  1.3476E+01  1.3544E+01 -6.8387E-02 -2.5129E-02
  2.8000E+01  4.8100E+01  1.2928E+01  1.0939E+01  1.9887E+00  6.1736E-01
  2.8000E+01  4.8100E+01  8.7864E+00  8.8352E+00 -4.8805E-02 -4.8472E-03
  2.8000E+01  4.8100E+01  5.1249E+00  7.1358E+00 -2.0109E+00 -5.5496E-01
  2.8000E+01  4.8100E+01  5.3580E+00  5.7633E+00 -4.0533E-01 -9.8553E-02
  2.9000E+01  5.2900E+01  0.0000E+00  0.0000E+00  0.0000E+00  0.0000E+00
  2.9000E+01  5.2900E+01  4.5896E-01  0.0000E+00  4.5896E-01  1.1147E-01
  2.9000E+01  5.2900E+01  1.3233E+01  9.3133E+00  3.9197E+00 -8.3250E-02
  2.9000E+01  5.2900E+01  2.0211E+01  1.4224E+01  5.9872E+00 -1.3017E-01
  2.9000E+01  5.2900E+01  2.7355E+01  1.6675E+01  1.0680E+01  1.1799E+00
  2.9000E+01  5.2900E+01  2.7990E+01  1.7758E+01  1.0232E+01  9.5548E-01
  2.9000E+01  5.2900E+01  3.0221E+01  1.8082E+01  1.2139E+01  1.7080E+00
  2.9000E+01  5.2900E+01  2.8341E+01  1.7991E+01  1.0350E+01  1.1656E+00
  2.9000E+01  5.2900E+01  2.7167E+01  1.7676E+01  9.4914E+00  9.9551E-01
  2.9000E+01  5.2900E+01  1.9954E+01  1.7244E+01  2.7104E+00 -1.2933E+00
  2.9000E+01  5.2900E+01  1.9986E+01  1.6755E+01  3.2312E+00 -9.2540E-01
  2.9000E+01  5.2900E+01  2.2995E+01  1.6242E+01  6.7526E+00  4.8587E-01
  2.9000E+01  5.2900E+01  1.9826E+01  1.5725E+01  4.1012E+00 -2.8459E-01
  2.9000E+01  5.2900E+01  2.0826E+01  1.5212E+01  5.6141E+00  3.8325E-01
  2.9000E+01  5.2900E+01  1.5063E+01  1.3283E+01  1.7796E+00 -3.9625E-01
  2.9000E+01  5.2900E+01  7.3069E+00  8.8118E+00 -1.5049E+00 -4.9567E-01
  2.9000E+01  5.2900E+01  5.1684E+00  5.8445E+00 -6.7608E-01  9.7236E-02
  2.9000E+01  5.2900E+01  8.8218E-01  3.8764E+00 -2.9942E+00 -4.0821E-01
  2.9000E+01  5.2900E+01  2.9423E+00  2.5711E+00  3.7124E-01  4.6561E-01
  2.9000E+01  5.2900E+01 -2.7838E+00  1.7053E+00 -4.4891E+00 -8.0300E-01
  3.0000E+01  4.0500E+01  0.0000E+00  0.0000E+00  0.0000E+00  0.0000E+00
  3.0000E+01  4.0500E+01 -9.0287E-01  0.0000E+00 -9.0287E-01 -2.1928E-01
  3.0000E+01  4.0500E+01  1.7451E+01  9.4082E+00  8.0428E+00  1.3833E+00
  3.0000E+01  4.0500E+01  2.4578E+01  1.4539E+01  1.0039E+01  1.6086E+00
  3.0000E+01  4.0500E+01  2.4207E+01  1.7273E+01  6.9339E+00  2.6814E-01
  3.0000E+01  4.0500E+01  2.2163E+01  1.8665E+01  3.4980E+00 -1.1640E+00
  3.0000E+01  4.0500E+01  2.4877E+01  1.9306E+01  5.5707E+00 -4.5566E-01
  3.0000E+01  4.0500E+01  2.6577E+01  1.9529E+01  7.0482E+00  1.1088E-01
  3.0000E+01  4.0500E+01  2.7905E+01  1.9519E+01  8.3865E+00  6.6183E-01
  3.0000E+01  4.0500E+01  2.4001E+01  1.9380E+01  4.6212E+00 -7.1380E-01
  3.0000E+01  4.0500E+01  2.6700E+01  1.9171E+01  7.5289E+00  4.5752E-01
  3.0000E+01  4.0500E+01  2.7140E+01  1.8925E+01  8.2149E+00  7.8405E-01
  3.0000E+01  4.0500E+01  2.9381E+01  1.8660E+01  1.0721E+01  1.7875E+00
  3.0000E+01  4.0500E+01  2.6894E+01  1.8387E+01  8.5072E+00  1.0259E+00
  3.0000E+01  4.0500E+01  1.8749E+01  1.7289E+01  1.4596E+00 -1.2758E+00
  3.0000E+01  4.0500E+01  1.8435E+01  1.4331E+01  4.1036E+00  3.2041E-01
  3.0000E+01  4.0500E+01  1.5779E+01  1.1878E+01  3.9010E+00  6.6230E-01
  3.0000E+01  4.0500E+01  8.8467E+00  9.8446E+00 -9.9792E-01 -5.4773E-01
  3.0000E+01  4.0500E+01  6.6639E+00  8.1593E+00 -1.4954E+00 -4.7299E-01
  3.0000E+01  4.0500E+01  8.8855E+00  6.7625E+00  2.1230E+00  6.8369E-01
  3.1000E+01  4.0100E+01  0.0000E+00  0.0000E+00  0.0000E+00  0.0000E+00
  3.1000E+01  4.0100E+01 -1.7821E+00  0.0000E+00 -1.7821E+00 -4.3283E-01
  3.1000E+01  4.0100E+01  1.8485E+01  9.3460E+00  9.1390E+00  5.9753E-01
  3.1000E+01  4.0100E+01  3.3277E+01  1.4332E+01  1.8945E+01  2.6804E+00
  3.1000E+01  4.0100E+01  3.6978E+01  1.6879E+01  2.0099E+01  2.6456E+00
  3.1000E+01  4.0100E+01  3.7037E+01  1.8065E+01  1.8972E+01  2.0958E+00
  3.1000E+01  4.0100E+01  3.6272E+01  1.8495E+01  1.7777E+01  1.6914E+00
  3.1000E+01  4.0100E+01  3.4936E+01  1.8507E+01  1.6429E+01  1.3339E+00
  3.1000E+01  4.0100E+01  3.0204E+01  1.8291E+01  1.1913E+01 -1.3641E-01
  3.1000E+01  4.0100E+01  2.9828E+01  1.7952E+01  1.1876E+01  8.6528E-02
  3.1000E+01  4.0100E+01  2.7691E+01  1.7552E+01  1.0139E+01 -3.0000E-01
  3.1000E+01  4.0100E+01  2.5313E+01  1.7122E+01  8.1911E+00 -7.5311E-01
  3.1000E+01  4.0100E+01  2.3014E+01  1.6681E+01  6.3327E+00 -1.1684E+00
  3.1000E+01  4.0100E+01  2.1266E+01  1.6240E+01  5.0259E+00 -1.3875E+00
  3.1000E+01  4.0100E+01  2.0363E+01  1.4549E+01  5.8143E+00 -2.7886E-01
  3.1000E+01  4.0100E+01  1.1131E+01  1.0424E+01  7.0719E-01 -3.4005E-01
  3.1000E+01  4.0100E+01  6.9905E+00  7.4673E+00 -4.7679E-01  7.2517E-02
  3.1000E+01  4.0100E+01  3.9159E+00  5.3493E+00 -1.4334E+00  1.4258E-01
  3.1000E+01  4.0100E+01  1.6638E+00  3.8321E+00 -2.1683E+00  6.6443E-02
  3.1000E+01  4.0100E+01  1.7494E+00  2.7452E+00 -9.9579E-01  3.7537E-01
  3.2000E+01  5.2600E+01  0.0000E+00  0.0000E+00  0.0000E+00  0.0000E+00
  3.2000E+01  5.2600E+01  1.0018E+00  0.0000E+00  1.0018E+00  2.4331E-01
  3.2000E+01  5.2600E+01  8.0357E+00  9.3908E+00 -1.3551E+00  6.3324E-02
  3.2000E+01  5.2600E+01  1.2708E+01  1.4481E+01 -1.7729E+00  2.2070E-01
  3.2000E+01  5.2600E+01  1.0325E+01  1.7162E+01 -6.8371E+00 -1.4145E+00
  3.2000E+01  5.2600E+01  1.4064E+01  1.8495E+01 -4.4315E+00 -4.9831E-01
  3.2000E+01  5.2600E+01  1.5101E+01  1.9076E+01 -3.9751E+00 -3.0816E-01
  3.2000E+01  5.2600E+01  1.3224E+01  1.9238E+01 -6.0137E+00 -1.0836E+00
  3.2000E+01  5.2600E+01  1.9117E+01  1.9167E+01 -5.0285E-02  1.1551E+00
  3.2000E+01  5.2600E+01  2.0069E+01  1.8970E+01  1.0991E+00  1.5566E+00
  3.2000E+01  5.2600E+01  1.5564E+01  1.8704E+01 -3.1401E+00 -6.8879E-02
  3.2000E+01  5.2600E+01  1.6481E+01  1.8403E+01 -1.9220E+00  3.5205E-01
  3.2000E+01  5.2600E+01  1.0801E+01  1.8085E+01 -7.2840E+00 -1.6570E+00
  3.2000E+01  5.2600E+01  1.3857E+01  1.7760E+01 -3.9032E+00 -4.4077E-01
  3.2000E+01  5.2600E+01  1.6993E+01  1.6476E+01  5.1703E-01  1.0173E+00
  3.2000E+01  5.2600E+01  8.5125E+00  1.3113E+01 -4.6004E+00 -9.9203E-01
  3.2000E+01  5.2600E+01  6.1176E+00  1.0435E+01 -4.3174E+00 -1.0199E+00
  3.2000E+01  5.2600E+01  4.8748E+00  8.3040E+00 -3.4292E+00 -8.3097E-01
  3.2000E+01  5.2600E+01  4.6135E+00  6.6081E+00 -1.9946E+00 -4.7827E-01
  3.2000E+01  5.2600E+01  3.4718E+00  5.2586E+00 -1.7868E+00 -4.5899E-01
  3.3000E+01  5.1100E+01  0.0000E+00  0.0000E+00  0.0000E+00  0.0000E+00
  3.3000E+01  5.1100E+01 -9.3861E-01  0.0000E+00 -9.3861E-01 -2.2797E-01
  3.3000E+01  5.1100E+01  1.8521E+00  9.3178E+00 -7.4657E+00 -8.9478E-01
  3.3000E+01  5.1100E+01  6.3132E+00  1.4238E+01 -7.9253E+00 -3.8915E-01
  3.3000E+01  5.1100E+01  7.0153E+00  1.6703E+01 -9.6876E+00 -6.6626E-01
  3.3000E+01  5.1100E+01  8.8027E+00  1.7799E+01 -8.9966E+00 -3.1569E-01
  3.3000E+01  5.1100E+01  8.9689E+00  1.8138E+01 -9.1689E+00 -4.0900E-01
  3.3000E+01  5.1100E+01  8.7293E+00  1.8060E+01 -9.3310E+00 -5.7286E-01
  3.3000E+01  5.1100E+01  1.1263E+01  1.7758E+01 -6.4952E+00  3.2326E-01
  3.3000E+01  5.1100E+01  8.1273E+00  1.7339E+01 -9.2114E+00 -8.1955E-01
  3.3000E+01  5.1100E+01  1.1378E+01  1.6861E+01 -5.4834E+00  3.5855E-01
  3.3000E+01  5.1100E+01  8.3773E+00  1.6360E+01 -7.9824E+00 -6.8536E-01
  3.3000E+01  5.1100E+01  9.0420E+00  1.5852E+01 -6.8100E+00 -4.2148E-01
  3.3000E+01  5.1100E+01  7.2758E+00  1.5348E+01 -8.0725E+00 -9.9460E-01
  3.3000E+01  5.1100E+01  7.8119E+00  1.3449E+01 -5.6375E+00 -6.4020E-01
  3.3000E+01  5.1100E+01  9.6615E+00  9.0163E+00  6.4522E-01  4.2187E-01
  3.3000E+01  5.1100E+01  5.2489E+00  6.0434E+00 -7.9449E-01 -3.7414E-01
  3.3000E+01  5.1100E+01  3.4234E+00  4.0507E+00 -6.2734E-01 -4.5574E-01
  3.3000E+01  5.1100E+01  4.2412E+00  2.7151E+00  1.5261E+00  7.8417E-02
  3.3000E+01  5.1100E+01  3.5735E+00  1.8199E+00  1.7536E+00  1.5472E-01
  3.4000E+01  4.1900E+01  0.0000E+00  0.0000E+00  0.0000E+00  0.0000E+00
  3.4000E+01  4.1900E+01  1.2388E-01  0.0000E+00  1.2388E-01  3.0087E-02
  3.4000E+01  4.1900E+01  8.0261E+00  9.3413E+00 -1.3152E+00  1.6679E-01
  3.4000E+01  4.1900E+01  1.0579E+01  1.4316E+01 -3.7371E+00 -2.8843E-01
  3.4000E+01  4.1900E+01  1.0939E+01  1.6849E+01 -5.9103E+00 -9.1722E-01
  3.4000E+01  4.1900E+01  1.5004E+01  1.8020E+01 -3.0164E+00  1.6787E-01
  3.4000E+01  4.1900E+01  1.5191E+01  1.8435E+01 -3.2436E+00  7.8156E-02
  3.4000E+01  4.1900E+01  1.4960E+01  1.8431E+01 -3.4711E+00 -4.7522E-02
  3.4000E+01  4.1900E+01  1.5977E+01  1.8200E+01 -2.2229E+00  3.5506E-01
  3.4000E+01  4.1900E+01  1.3207E+01  1.7848E+01 -4.6407E+00 -5.9819E-01
  3.4000E+01  4.1900E+01  1.2856E+01  1.7434E+01 -4.5777E+00 -6.3696E-01
  3.4000E+01  4.1900E+01  1.4392E+01  1.6991E+01 -2.5994E+00  1.1430E-02
  3.4000E+01  4.1900E+01  1.6188E+01  1.6539E+01 -3.5096E-01  7.4222E-01
  3.4000E+01  4.1900E+01  1.1270E+01  1.6087E+01 -4.8167E+00 -8.9088E-01
  3.4000E+01  4.1900E+01  1.1940E+01  1.4358E+01 -2.4179E+00 -2.6258E-01
  3.4000E+01  4.1900E+01  1.0470E+01  1.0173E+01  2.9710E-01  1.9356E-01
  3.4000E+01  4.1900E+01  1.0209E+01  7.2066E+00  3.0024E+00  7.5776E-01
  3.4000E+01  4.1900E+01  6.1807E+00  5.1053E+00  1.0754E+00  1.2434E-01
  3.4000E+01  4.1900E+01  3.8115E+00  3.6166E+00  1.9487E-01 -1.3399E-01
  3.4000E+01  4.1900E+01  6.3227E+00  2.5621E+00  3.7606E+00  7.8327E-01
  3.5000E+01  4.8800E+01  0.0000E+00  0.0000E+00  0.0000E+00  0.0000E+00
  3.5000E+01  4.8800E+01  8.1160E-01  0.0000E+00  8.1160E-01  1.9712E-01
  3.5000E+01  4.8800E+01  1.2032E+01  9.3235E+00  2.7085E+00  5.1424E-02
  3.5000E+01  4.8800E+01  1.8392E+01  1.4257E+01  4.1345E+00  9.3244E-02
  3.5000E+01  4.8800E+01  2.2469E+01  1.6739E+01  5.7303E+00  4.5632E-01
  3.5000E+01  4.8800E+01  2.7565E+01  1.7853E+01  9.7117E+00  1.8612E+00
  3.5000E+01  4.8800E+01  2.4711E+01  1.8210E+01  6.5008E+00  7.2077E-01
  3.5000E+01  4.8800E+01  2.2949E+01  1.8151E+01  4.7984E+00  1.6150E-01
  3.5000E+01  4.8800E+01  2.2404E+01  1.7866E+01  4.5384E+00  1.5529E-01
  3.5000E+01  4.8800E+01  2.3093E+01  1.7462E+01  5.6308E+00  6.4815E-01
  3.5000E+01  4.8800E+01  2.2574E+01  1.7000E+01  5.5740E+00  7.2040E-01
  3.5000E+01  4.8800E+01  1.5325E+01  1.6512E+01 -1.1875E+00 -1.5820E+00
  3.5000E+01  4.8800E+01  1.9093E+01  1.6018E+01  3.0752E+00  2.0341E-02
  3.5000E+01  4.8800E+01  1.4554E+01  1.5526E+01 -9.7228E-01 -1.2872E+00
  3.5000E+01  4.8800E+01  1.4750E+01  1.3667E+01  1.0832E+00 -2.5275E-01
  3.5000E+01  4.8800E+01  9.6497E+00  9.2873E+00  3.6238E-01  7.3481E-02
  3.5000E+01  4.8800E+01  2.5588E+00  6.3102E+00 -3.7514E+00 -8.5085E-01
  3.5000E+01  4.8800E+01  3.3053E+00  4.2874E+00 -9.8211E-01 -5.6729E-03
  3.5000E+01  4.8800E+01  3.1394E+00  2.9130E+00  2.2636E-01  3.1322E-01
  3.5000E+01  4.8800E+01  1.0777E+00  1.9792E+00 -9.0154E-01  2.2902E-04
  3.6000E+01  4.4700E+01  0.0000E+00  0.0000E+00  0.0000E+00  0.0000E+00
  3.6000E+01  4.4700E+01  2.8034E-01  0.0000E+00  2.8034E-01  6.8088E-02
  3.6000E+01  4.4700E+01  4.4857E+00  9.4020E+00 -4.9163E+00 -5.1680E-01
  3.6000E+01  4.4700E+01  5.8377E+00  1.4518E+01 -8.6807E+00 -1.2591E+00
  3.6000E+01  4.4700E+01  8.4950E+00  1.7234E+01 -8.7386E+00 -1.0517E+00
  3.6000E+01  4.4700E+01  1.2838E+01  1.8605E+01 -5.7667E+00  1.6114E-01
  3.6000E+01  4.4700E+01  9.6088E+00  1.9224E+01 -9.6155E+00 -1.2454E+00
  3.6000E+01  4.4700E+01  1.4801E+01  1.9425E+01 -4.6240E+00  6.3277E-01
  3.6000E+01  4.4700E+01  1.6512E+01  1.9393E+01 -2.8812E+00  1.2508E+00
  3.6000E+01  4.4700E+01  1.5501E+01  1.9233E+01 -3.7323E+00  8.6223E-01
  3.6000E+01  4.4700E+01  1.1642E+01  1.9004E+01 -7.3621E+00 -5.7984E-01
  3.6000E+01  4.4700E+01  1.2915E+01  1.8738E+01 -5.8232E+00 -7.2820E-02
  3.6000E+01  4.4700E+01  8.8827E+00  1.8454E+01 -9.5714E+00 -1.5388E+00
  3.6000E+01  4.4700E+01  1.2124E+01  1.8162E+01 -6.0380E+00 -2.9668E-01
  3.6000E+01  4.4700E+01  9.9651E+00  1.6996E+01 -7.0313E+00 -9.1329E-01
  3.6000E+01  4.4700E+01  1.2196E+01  1.3887E+01 -1.6908E+00  3.1798E-01
  3.6000E+01  4.4700E+01  1.0926E+01  1.1345E+01 -4.1873E-01  2.9193E-01
  3.6000E+01  4.4700E+01  8.1208E+00  9.2680E+00 -1.1472E+00 -2.0338E-01
  3.6000E+01  4.4700E+01  7.9105E+00  7.5714E+00  3.3908E-01  5.4161E-02
  3.6000E+01  4.4700E+01  7.1146E+00  6.1854E+00  9.2918E-01  1.0573E-01
  3.7000E+01  4.2500E+01  0.0000E+00  0.0000E+00  0.0000E+00  0.0000E+00
  3.7000E+01  4.2500E+01  5.4183E-01  0.0000E+00  5.4183E-01  1.3160E-01
  3.7000E+01  4.2500E+01  8.4127E+00  9.4053E+00 -9.9256E-01  1.4125E-01
  3.7000E+01  4.2500E+01  1.3780E+01  1.4529E+01 -7.4916E-01  5.1167E-01
  3.7000E+01  4.2500E+01  1.5235E+01  1.7254E+01 -2.0192E+00  2.4161E-01
  3.7000E+01  4.2500E+01  1.4094E+01  1.8636E+01 -4.5420E+00 -6.1918E-01
  3.7000E+01  4.2500E+01  1.7997E+01  1.9267E+01 -1.2699E+00  6.2820E-01
  3.7000E+01  4.2500E+01  1.7881E+01  1.9479E+01 -1.5980E+00  5.0010E-01
  3.7000E+01  4.2500E+01  1.2514E+01  1.9458E+01 -6.9443E+00 -1.5587E+00
  3.7000E+01  4.2500E+01  1.3030E+01  1.9309E+01 -6.2795E+00 -1.3310E+00
  3.7000E+01  4.2500E+01  1.7938E+01  1.9091E+01 -1.1528E+00  5.7817E-01
  3.7000E+01  4.2500E+01  1.7317E+01  1.8835E+01 -1.5183E+00  4.0202E-01
  3.7000E+01  4.2500E+01  1.5202E+01  1.8561E+01 -3.3592E+00 -3.2239E-01
  3.7000E+01  4.2500E+01  1.3130E+01  1.8279E+01 -5.1487E+00 -1.0175E+00
  3.7000E+01  4.2500E+01  1.4758E+01  1.7148E+01 -2.3903E+00 -1.2754E-01
  3.7000E+01  4.2500E+01  1.5875E+01  1.4117E+01  1.7584E+00  9.6930E-01
  3.7000E+01  4.2500E+01  1.1659E+01  1.1619E+01  3.9639E-02  1.7827E-01
  3.7000E+01  4.2500E+01  9.4002E+00  9.5639E+00 -1.6371E-01 -1.9606E-02
  3.7000E+01  4.2500E+01  7.8941E+00  7.8721E+00  2.2035E-02 -4.9219E-02
  3.7000E+01  4.2500E+01  9.6308E+00  6.4795E+00  3.1513E+00  7.6842E-01
  3.8000E+01  4.7400E+01  0.0000E+00  0.0000E+00  0.0000E+00  0.0000E+00
  3.8000E+01  4.7400E+01 -4.0024E-01  0.0000E+00 -4.0024E-01 -9.7208E-02
  3.8000E+01  4.7400E+01  6.7693E+00  9.3982E+00 -2.6289E+00  2.3531E-01
  3.8000E+01  4.7400E+01  1.0703E+01  1.4505E+01 -3.8024E+00  5.0424E-01
  3.8000E+01  4.7400E+01  8.8319E+00  1.7209E+01 -8.3769E+00 -7.4904E-01
  3.8000E+01  4.7400E+01  8.2934E+00  1.8567E+01 -1.0273E+01 -1.3158E+00
  3.8000E+01  4.7400E+01  1.4794E+01  1.9173E+01 -4.3788E+00  9.4240E-01
  3.8000E+01  4.7400E+01  1.4877E+01  1.9360E+01 -4.4829E+00  9.0103E-01
  3.8000E+01  4.7400E+01  1.3593E+01  1.9315E+01 -5.7216E+00  3.8863E-01
  3.8000E+01  4.7400E+01  9.6101E+00  1.9142E+01 -9.5315E+00 -1.1132E+00
  3.8000E+01  4.7400E+01  1.2827E+01  1.8900E+01 -6.0726E+00  1.2454E-01
  3.8000E+01  4.7400E+01  1.2794E+01  1.8621E+01 -5.8274E+00  1.4266E-01
  3.8000E+01  4.7400E+01  6.9577E+00  1.8325E+01 -1.1368E+01 -1.9842E+00
  3.8000E+01  4.7400E+01  9.6546E+00  1.8022E+01 -8.3672E+00 -9.3882E-01
  3.8000E+01  4.7400E+01  1.0004E+01  1.6814E+01 -6.8102E+00 -6.2601E-01
  3.8000E+01  4.7400E+01  6.1189E+00  1.3614E+01 -7.4948E+00 -1.4123E+00
  3.8000E+01  4.7400E+01  8.4987E+00  1.1021E+01 -2.5222E+00 -1.9972E-01
  3.8000E+01  4.7400E+01  4.8899E+00  8.9220E+00 -4.0321E+00 -9.0563E-01
  3.8000E+01  4.7400E+01  6.4896E+00  7.2228E+00 -7.3318E-01 -1.2029E-01
  3.8000E+01  4.7400E+01  4.6586E+00  5.8472E+00 -1.1886E+00 -3.5822E-01
  3.9000E+01  6.6700E+01  0.0000E+00  0.0000E+00  0.0000E+00  0.0000E+00
  3.9000E+01  6.6700E+01  1.4333E+00  0.0000E+00  1.4333E+00  3.4811E-01
  3.9000E+01  6.6700E+01  1.0420E+01  9.3718E+00  1.0482E+00 -7.0403E-01
  3.9000E+01  6.6700E+01  1.9124E+01  1.4417E+01  4.7065E+00 -1.9540E-01
  3.9000E+01  6.6700E+01  2.1561E+01  1.7042E+01  4.5195E+00 -6.0549E-01
  3.9000E+01  6.6700E+01  2.4694E+01  1.8312E+01  6.3821E+00 -8.1635E-02
  3.9000E+01  6.6700E+01  2.5208E+01  1.8828E+01  6.3805E+00 -1.1414E-01
  3.9000E+01  6.6700E+01  3.3445E+01  1.8924E+01  1.4521E+01  2.9752E+00
  3.9000E+01  6.6700E+01  2.1875E+01  1.8790E+01  3.0846E+00 -1.2516E+00
  3.9000E+01  6.6700E+01  2.4767E+01  1.8531E+01  6.2355E+00  1.1163E-02
  3.9000E+01  6.6700E+01  2.8667E+01  1.8206E+01  1.0461E+01  1.6605E+00
  3.9000E+01  6.6700E+01  3.2780E+01  1.7848E+01  1.4932E+01  3.3731E+00
  3.9000E+01  6.6700E+01  2.1074E+01  1.7476E+01  3.5981E+00 -6.7636E-01
  3.9000E+01  6.6700E+01  1.6422E+01  1.7099E+01 -6.7709E-01 -2.1164E+00
  3.9000E+01  6.6700E+01  2.3942E+01  1.5630E+01  8.3123E+00  1.3886E+00
  3.9000E+01  6.6700E+01  1.5698E+01  1.1898E+01  3.8004E+00  5.0194E-01
  3.9000E+01  6.6700E+01  1.2305E+01  9.0555E+00  3.2495E+00  6.9569E-01
  3.9000E+01  6.6700E+01  6.6410E+00  6.8923E+00 -2.5126E-01 -9.2577E-02
  3.9000E+01  6.6700E+01  6.3535E+00  5.2458E+00  1.1077E+00  4.0409E-01
  3.9000E+01  6.6700E+01  4.5520E+00  3.9927E+00  5.5934E-01  3.1390E-01
  4.0000E+01  4.1400E+01  0.0000E+00  0.0000E+00  0.0000E+00  0.0000E+00
  4.0000E+01  4.1400E+01 -9.1684E-01  0.0000E+00 -9.1684E-01 -2.2268E-01
  4.0000E+01  4.1400E+01  1.2425E+01  9.4069E+00  3.0181E+00 -1.1587E-01
  4.0000E+01  4.1400E+01  2.1081E+01  1.4535E+01  6.5464E+00  4.2001E-01
  4.0000E+01  4.1400E+01  2.3132E+01  1.7265E+01  5.8675E+00 -1.3730E-01
  4.0000E+01  4.1400E+01  2.8249E+01  1.8652E+01  9.5971E+00  1.0852E+00
  4.0000E+01  4.1400E+01  3.1272E+01  1.9289E+01  1.1983E+01  1.9596E+00
  4.0000E+01  4.1400E+01  2.4474E+01  1.9506E+01  4.9677E+00 -6.8648E-01
  4.0000E+01  4.1400E+01  2.8331E+01  1.9491E+01  8.8397E+00  8.3913E-01
  4.0000E+01  4.1400E+01  2.7141E+01  1.9348E+01  7.7930E+00  5.0651E-01
  4.0000E+01  4.1400E+01  2.7214E+01  1.9135E+01  8.0792E+00  6.8877E-01
  4.0000E+01  4.1400E+01  2.4786E+01  1.8885E+01  5.9015E+00 -5.3378E-02
  4.0000E+01  4.1400E+01  2.7226E+01  1.8615E+01  8.6105E+00  1.0390E+00
  4.0000E+01  4.1400E+01  2.0500E+01  1.8338E+01  2.1621E+00 -1.2776E+00
  4.0000E+01  4.1400E+01  1.9212E+01  1.7226E+01  1.9864E+00 -1.0070E+00
  4.0000E+01  4.1400E+01  2.0613E+01  1.4234E+01  6.3790E+00  1.2078E+00
  4.0000E+01  4.1400E+01  7.2206E+00  1.1761E+01 -4.5399E+00 -1.8407E+00
  4.0000E+01  4.1400E+01  7.5401E+00  9.7169E+00 -2.1768E+00 -7.4486E-01
  4.0000E+01  4.1400E+01  7.1073E+00  8.0284E+00 -9.2105E-01 -1.5751E-01
  4.0000E+01  4.1400E+01  5.4313E+00  6.6332E+00 -1.2019E+00 -1.0477E-01
