TABLE NO.  2
 ID          CL          V           DV          PRED        RES         WRES
  1.0000E+00  4.2491E+01  4.6418E+02  1.2161E+00  0.0000E+00  1.2161E+00  2.9410E-01
  1.0000E+00  4.2491E+01  4.6418E+02  1.2565E+01  0.0000E+00  1.2565E+01  3.0387E+00
  1.0000E+00  4.2491E+01  4.6418E+02  1.1218E+01  0.0000E+00  1.1218E+01  2.7129E+00
  1.0000E+00  4.2491E+01  4.6418E+02  1.7709E+01  0.0000E+00  1.7709E+01  4.2827E+00
  1.0000E+00  4.2491E+01  4.6418E+02  2.1925E+01  0.0000E+00  2.1925E+01  5.3022E+00
  1.0000E+00  4.2491E+01  4.6418E+02  1.6205E+01  0.0000E+00  1.6205E+01  3.9189E+00
  1.0000E+00  4.2491E+01  4.6418E+02  1.8692E+01  0.0000E+00  1.8692E+01  4.5204E+00
  1.0000E+00  4.2491E+01  4.6418E+02  2.3788E+01  0.0000E+00  2.3788E+01  5.7528E+00
  1.0000E+00  4.2491E+01  4.6418E+02  1.6475E+01  0.0000E+00  1.6475E+01  3.9842E+00
  1.0000E+00  4.2491E+01  4.6418E+02  1.7346E+01  0.0000E+00  1.7346E+01  4.1949E+00
  1.0000E+00  4.2491E+01  4.6418E+02  1.8373E+01  0.0000E+00  1.8373E+01  4.4432E+00
  1.0000E+00  4.2491E+01  4.6418E+02  1.8252E+01  0.0000E+00  1.8252E+01  4.4140E+00
  1.0000E+00  4.2491E+01  4.6418E+02  1.8359E+01  0.0000E+00  1.8359E+01  4.4398E+00
  1.0000E+00  4.2491E+01  4.6418E+02  1.3057E+01  0.0000E+00  1.3057E+01  3.1576E+00
  1.0000E+00  4.2491E+01  4.6418E+02  1.5134E+01  0.0000E+00  1.5134E+01  3.6599E+00
  1.0000E+00  4.2491E+01  4.6418E+02  8.4486E+00  0.0000E+00  8.4486E+00  2.0432E+00
  1.0000E+00  4.2491E+01  4.6418E+02  1.0985E+01  0.0000E+00  1.0985E+01  2.6566E+00
  1.0000E+00  4.2491E+01  4.6418E+02  5.7362E+00  0.0000E+00  5.7362E+00  1.3872E+00
  1.0000E+00  4.2491E+01  4.6418E+02  8.4208E+00  0.0000E+00  8.4208E+00  2.0364E+00
  2.0000E+00  4.6954E+01  5.3221E+02  0.0000E+00  0.0000E+00  0.0000E+00  0.0000E+00
  2.0000E+00  4.6954E+01  5.3221E+02  1.1076E+00  0.0000E+00  1.1076E+00  2.6786E-01
  2.0000E+00  4.6954E+01  5.3221E+02  1.0152E+01  9.3288E+00  8.2316E-01  5.6658E-01
  2.0000E+00  4.6954E+01  5.3221E+02  1.1842E+01  1.4356E+01 -2.5141E+00 -2.6738E-01
  2.0000E+00  4.6954E+01  5.3221E+02  1.3557E+01  1.6973E+01 -3.4158E+00 -4.9329E-01
  2.0000E+00  4.6954E+01  5.3221E+02  1.2662E+01  1.8240E+01 -5.5784E+00 -1.2515E+00
  2.0000E+00  4.6954E+01  5.3221E+02  1.5854E+01  1.8755E+01 -2.9012E+00 -2.4831E-01
  2.0000E+00  4.6954E+01  5.3221E+02  1.5432E+01  1.8852E+01 -3.4196E+00 -4.4262E-01
  2.0000E+00  4.6954E+01  5.3221E+02  1.7372E+01  1.8718E+01 -1.3456E+00  3.2466E-01
  2.0000E+00  4.6954E+01  5.3221E+02  1.9629E+01  1.8458E+01  1.1707E+00  1.2423E+00
  2.0000E+00  4.6954E+01  5.3221E+02  1.7099E+01  1.8133E+01 -1.0339E+00  4.0080E-01
  2.0000E+00  4.6954E+01  5.3221E+02  1.4025E+01  1.7774E+01 -3.7494E+00 -6.1459E-01
  2.0000E+00  4.6954E+01  5.3221E+02  1.4696E+01  1.7401E+01 -2.7053E+00 -2.5107E-01
  2.0000E+00  4.6954E+01  5.3221E+02  1.5417E+01  1.7024E+01 -1.6069E+00  1.2492E-01
  2.0000E+00  4.6954E+01  5.3221E+02  1.3979E+01  1.5553E+01 -1.5737E+00  5.7861E-02
  2.0000E+00  4.6954E+01  5.3221E+02  9.3259E+00  1.1820E+01 -2.4937E+00 -3.9983E-01
  2.0000E+00  4.6954E+01  5.3221E+02  6.8900E+00  8.9812E+00 -2.0912E+00 -3.6450E-01
  2.0000E+00  4.6954E+01  5.3221E+02  5.2125E+00  6.8245E+00 -1.6120E+00 -2.8673E-01
  2.0000E+00  4.6954E+01  5.3221E+02  4.1558E+00  5.1857E+00 -1.0299E+00 -1.6992E-01
  2.0000E+00  4.6954E+01  5.3221E+02  3.2563E+00  3.9404E+00 -6.8411E-01 -1.0888E-01
  3.0000E+00  2.6139E+01  3.6429E+02  0.0000E+00  0.0000E+00  0.0000E+00  0.0000E+00
  3.0000E+00  2.6139E+01  3.6429E+02 -7.3757E-02  0.0000E+00 -7.3757E-02 -1.7837E-02
  3.0000E+00  2.6139E+01  3.6429E+02  9.3116E+00  9.3288E+00 -1.7241E-02 -6.9702E-01
  3.0000E+00  2.6139E+01  3.6429E+02  2.0167E+01  1.4356E+01  5.8109E+00  7.0925E-01
  3.0000E+00  2.6139E+01  3.6429E+02  2.1678E+01  1.6973E+01  4.7052E+00  1.0603E-01
  3.0000E+00  2.6139E+01  3.6429E+02  2.4841E+01  1.8240E+01  6.6006E+00  6.6724E-01
  3.0000E+00  2.6139E+01  3.6429E+02  2.1191E+01  1.8755E+01  2.4358E+00 -9.4858E-01
  3.0000E+00  2.6139E+01  3.6429E+02  2.2233E+01  1.8852E+01  3.3814E+00 -6.2411E-01
  3.0000E+00  2.6139E+01  3.6429E+02  2.5764E+01  1.8718E+01  7.0464E+00  7.4558E-01
  3.0000E+00  2.6139E+01  3.6429E+02  2.6171E+01  1.8458E+01  7.7127E+00  9.9865E-01
  3.0000E+00  2.6139E+01  3.6429E+02  2.6855E+01  1.8133E+01  8.7221E+00  1.3800E+00
  3.0000E+00  2.6139E+01  3.6429E+02  2.4440E+01  1.7774E+01  6.6656E+00  6.3756E-01
  3.0000E+00  2.6139E+01  3.6429E+02  2.2379E+01  1.7401E+01  4.9777E+00  4.4192E-02
  3.0000E+00  2.6139E+01  3.6429E+02  1.9932E+01  1.7024E+01  2.9081E+00 -6.7333E-01
  3.0000E+00  2.6139E+01  3.6429E+02  2.1774E+01  1.5553E+01  6.2213E+00  5.9159E-01
  3.0000E+00  2.6139E+01  3.6429E+02  1.7953E+01  1.1820E+01  6.1334E+00  7.6271E-01
  3.0000E+00  2.6139E+01  3.6429E+02  1.2802E+01  8.9812E+00  3.8208E+00  2.3861E-01
  3.0000E+00  2.6139E+01  3.6429E+02  1.1368E+01  6.8245E+00  4.5435E+00  5.9025E-01
  3.0000E+00  2.6139E+01  3.6429E+02  1.1672E+01  5.1857E+00  6.4863E+00  1.2195E+00
  3.0000E+00  2.6139E+01  3.6429E+02  7.5140E+00  3.9404E+00  3.5736E+00  5.2707E-01
  4.0000E+00  4.9521E+01  6.3071E+02  0.0000E+00  0.0000E+00  0.0000E+00  0.0000E+00
  4.0000E+00  4.9521E+01  6.3071E+02 -2.4017E-01  0.0000E+00 -2.4017E-01 -5.8082E-02
  4.0000E+00  4.9521E+01  6.3071E+02  8.3117E+00  9.3288E+00 -1.0171E+00  3.5741E-01
  4.0000E+00  4.9521E+01  6.3071E+02  1.2332E+01  1.4356E+01 -2.0241E+00  4.7775E-01
  4.0000E+00  4.9521E+01  6.3071E+02  9.5114E+00  1.6973E+01 -7.4614E+00 -1.1985E+00
  4.0000E+00  4.9521E+01  6.3071E+02  1.5384E+01  1.8240E+01 -2.8564E+00  5.6186E-01
  4.0000E+00  4.9521E+01  6.3071E+02  1.5128E+01  1.8755E+01 -3.6272E+00  3.1687E-01
  4.0000E+00  4.9521E+01  6.3071E+02  1.2791E+01  1.8852E+01 -6.0606E+00 -6.0069E-01
  4.0000E+00  4.9521E+01  6.3071E+02  1.1972E+01  1.8718E+01 -6.7456E+00 -8.8303E-01
  4.0000E+00  4.9521E+01  6.3071E+02  1.3333E+01  1.8458E+01 -5.1253E+00 -3.1442E-01
  4.0000E+00  4.9521E+01  6.3071E+02  1.3072E+01  1.8133E+01 -5.0609E+00 -3.3281E-01
  4.0000E+00  4.9521E+01  6.3071E+02  1.1469E+01  1.7774E+01 -6.3054E+00 -8.3120E-01
  4.0000E+00  4.9521E+01  6.3071E+02  1.1090E+01  1.7401E+01 -6.3113E+00 -8.7248E-01
  4.0000E+00  4.9521E+01  6.3071E+02  1.4601E+01  1.7024E+01 -2.4229E+00  4.8265E-01
  4.0000E+00  4.9521E+01  6.3071E+02  1.3715E+01  1.5553E+01 -1.8377E+00  4.9688E-01
  4.0000E+00  4.9521E+01  6.3071E+02  1.0035E+01  1.1820E+01 -1.7846E+00  1.0359E-01
  4.0000E+00  4.9521E+01  6.3071E+02  6.7983E+00  8.9812E+00 -2.1829E+00 -2.5122E-01
  4.0000E+00  4.9521E+01  6.3071E+02  3.0324E+00  6.8245E+00 -3.7921E+00 -8.3480E-01
  4.0000E+00  4.9521E+01  6.3071E+02  3.8927E+00  5.1857E+00 -1.2930E+00 -2.2774E-01
  4.0000E+00  4.9521E+01  6.3071E+02  3.8535E+00  3.9404E+00 -8.6909E-02  3.4501E-02
  5.0000E+00  2.4507E+01  4.3598E+02  0.0000E+00  0.0000E+00  0.0000E+00  0.0000E+00
  5.0000E+00  2.4507E+01  4.3598E+02  5.3430E-01  0.0000E+00  5.3430E-01  1.2921E-01
  5.0000E+00  2.4507E+01  4.3598E+02  8.8596E+00  9.3288E+00 -4.6924E-01 -3.2602E-01
  5.0000E+00  2.4507E+01  4.3598E+02  1.4427E+01  1.4356E+01  7.0880E-02 -3.2382E-01
  5.0000E+00  2.4507E+01  4.3598E+02  1.6130E+01  1.6973E+01 -8.4276E-01 -7.7114E-01
  5.0000E+00  2.4507E+01  4.3598E+02  2.4238E+01  1.8240E+01  5.9976E+00  1.6458E+00
  5.0000E+00  2.4507E+01  4.3598E+02  1.5178E+01  1.8755E+01 -3.5772E+00 -1.9693E+00
  5.0000E+00  2.4507E+01  4.3598E+02  2.2489E+01  1.8852E+01  3.6374E+00  6.8069E-01
  5.0000E+00  2.4507E+01  4.3598E+02  2.4514E+01  1.8718E+01  5.7964E+00  1.4439E+00
  5.0000E+00  2.4507E+01  4.3598E+02  2.2087E+01  1.8458E+01  3.6287E+00  5.9168E-01
  5.0000E+00  2.4507E+01  4.3598E+02  1.8739E+01  1.8133E+01  6.0613E-01 -5.6076E-01
  5.0000E+00  2.4507E+01  4.3598E+02  1.5653E+01  1.7774E+01 -2.1214E+00 -1.5819E+00
  5.0000E+00  2.4507E+01  4.3598E+02  2.1381E+01  1.7401E+01  3.9797E+00  6.1328E-01
  5.0000E+00  2.4507E+01  4.3598E+02  2.2030E+01  1.7024E+01  5.0061E+00  9.5023E-01
  5.0000E+00  2.4507E+01  4.3598E+02  2.0821E+01  1.5553E+01  5.2683E+00  9.2713E-01
  5.0000E+00  2.4507E+01  4.3598E+02  1.6266E+01  1.1820E+01  4.4464E+00  4.8449E-01
  5.0000E+00  2.4507E+01  4.3598E+02  1.2420E+01  8.9812E+00  3.4388E+00  1.6117E-01
  5.0000E+00  2.4507E+01  4.3598E+02  1.3299E+01  6.8245E+00  6.4745E+00  1.0512E+00
  5.0000E+00  2.4507E+01  4.3598E+02  1.0335E+01  5.1857E+00  5.1493E+00  7.3027E-01
  5.0000E+00  2.4507E+01  4.3598E+02  9.3872E+00  3.9404E+00  5.4468E+00  8.6687E-01
  6.0000E+00  7.1313E+01  2.5340E+02  0.0000E+00  0.0000E+00  0.0000E+00  0.0000E+00
  6.0000E+00  7.1313E+01  2.5340E+02  2.9626E-01  0.0000E+00  2.9626E-01  7.1646E-02
  6.0000E+00  7.1313E+01  2.5340E+02  1.4315E+01  9.3288E+00  4.9862E+00  2.3569E-01
  6.0000E+00  7.1313E+01  2.5340E+02  2.7738E+01  1.4356E+01  1.3382E+01  2.3274E+00
  6.0000E+00  7.1313E+01  2.5340E+02  3.0663E+01  1.6973E+01  1.3690E+01  2.2484E+00
  6.0000E+00  7.1313E+01  2.5340E+02  2.8684E+01  1.8240E+01  1.0444E+01  1.0242E+00
  6.0000E+00  7.1313E+01  2.5340E+02  2.4885E+01  1.8755E+01  6.1298E+00 -5.3644E-01
  6.0000E+00  7.1313E+01  2.5340E+02  3.2096E+01  1.8852E+01  1.3244E+01  2.2460E+00
  6.0000E+00  7.1313E+01  2.5340E+02  2.7022E+01  1.8718E+01  8.3044E+00  5.4661E-01
  6.0000E+00  7.1313E+01  2.5340E+02  2.8394E+01  1.8458E+01  9.9357E+00  1.3219E+00
  6.0000E+00  7.1313E+01  2.5340E+02  1.9052E+01  1.8133E+01  9.1913E-01 -1.8355E+00
  6.0000E+00  7.1313E+01  2.5340E+02  2.4557E+01  1.7774E+01  6.7826E+00  4.9922E-01
  6.0000E+00  7.1313E+01  2.5340E+02  1.8485E+01  1.7401E+01  1.0837E+00 -1.3962E+00
  6.0000E+00  7.1313E+01  2.5340E+02  1.7830E+01  1.7024E+01  8.0606E-01 -1.3177E+00
  6.0000E+00  7.1313E+01  2.5340E+02  1.3155E+01  1.5553E+01 -2.3977E+00 -1.7984E+00
  6.0000E+00  7.1313E+01  2.5340E+02  8.4222E+00  1.1820E+01 -3.3974E+00 -8.4859E-01
  6.0000E+00  7.1313E+01  2.5340E+02  4.9649E+00  8.9812E+00 -4.0163E+00 -4.1412E-01
  6.0000E+00  7.1313E+01  2.5340E+02 -3.1050E-01  6.8245E+00 -7.1350E+00 -1.0071E+00
  6.0000E+00  7.1313E+01  2.5340E+02  1.4111E+00  5.1857E+00 -3.7746E+00  1.4991E-02
  6.0000E+00  7.1313E+01  2.5340E+02  1.4164E+00  3.9404E+00 -2.5240E+00  3.2929E-01
  7.0000E+00  3.6555E+01  5.2705E+02  0.0000E+00  0.0000E+00  0.0000E+00  0.0000E+00
  7.0000E+00  3.6555E+01  5.2705E+02 -1.4391E+00  0.0000E+00 -1.4391E+00 -3.4802E-01
  7.0000E+00  3.6555E+01  5.2705E+02  8.5353E+00  9.3288E+00 -7.9354E-01  3.6852E-02
  7.0000E+00  3.6555E+01  5.2705E+02  1.3037E+01  1.4356E+01 -1.3191E+00  2.7544E-02
  7.0000E+00  3.6555E+01  5.2705E+02  1.1623E+01  1.6973E+01 -5.3498E+00 -1.3260E+00
  7.0000E+00  3.6555E+01  5.2705E+02  1.9103E+01  1.8240E+01  8.6257E-01  9.4223E-01
  7.0000E+00  3.6555E+01  5.2705E+02  2.2441E+01  1.8755E+01  3.6858E+00  2.0072E+00
  7.0000E+00  3.6555E+01  5.2705E+02  1.2201E+01  1.8852E+01 -6.6506E+00 -1.8850E+00
  7.0000E+00  3.6555E+01  5.2705E+02  1.8646E+01  1.8718E+01 -7.1564E-02  5.5134E-01
  7.0000E+00  3.6555E+01  5.2705E+02  1.6261E+01  1.8458E+01 -2.1973E+00 -2.7643E-01
  7.0000E+00  3.6555E+01  5.2705E+02  1.8519E+01  1.8133E+01  3.8613E-01  6.4283E-01
  7.0000E+00  3.6555E+01  5.2705E+02  1.6067E+01  1.7774E+01 -1.7074E+00 -1.6311E-01
  7.0000E+00  3.6555E+01  5.2705E+02  1.3287E+01  1.7401E+01 -4.1143E+00 -1.0668E+00
  7.0000E+00  3.6555E+01  5.2705E+02  1.5586E+01  1.7024E+01 -1.4379E+00 -1.3077E-01
  7.0000E+00  3.6555E+01  5.2705E+02  1.4131E+01  1.5553E+01 -1.4217E+00 -2.3699E-01
  7.0000E+00  3.6555E+01  5.2705E+02  1.0141E+01  1.1820E+01 -1.6786E+00 -5.2315E-01
  7.0000E+00  3.6555E+01  5.2705E+02  8.8287E+00  8.9812E+00 -1.5255E-01 -1.6074E-01
  7.0000E+00  3.6555E+01  5.2705E+02  8.5356E+00  6.8245E+00  1.7111E+00  3.0871E-01
  7.0000E+00  3.6555E+01  5.2705E+02  1.0732E+01  5.1857E+00  5.5463E+00  1.3062E+00
  7.0000E+00  3.6555E+01  5.2705E+02  5.6827E+00  3.9404E+00  1.7423E+00  2.7507E-01
  8.0000E+00  4.6008E+01  7.1327E+02  0.0000E+00  0.0000E+00  0.0000E+00  0.0000E+00
  8.0000E+00  4.6008E+01  7.1327E+02 -1.4741E+00  0.0000E+00 -1.4741E+00 -3.5649E-01
  8.0000E+00  4.6008E+01  7.1327E+02  7.9728E+00  9.3288E+00 -1.3560E+00  4.7617E-01
  8.0000E+00  4.6008E+01  7.1327E+02  8.8496E+00  1.4356E+01 -5.5065E+00 -3.0200E-01
  8.0000E+00  4.6008E+01  7.1327E+02  1.3640E+01  1.6973E+01 -3.3328E+00  7.4273E-01
  8.0000E+00  4.6008E+01  7.1327E+02  1.0014E+01  1.8240E+01 -8.2264E+00 -9.0253E-01
  8.0000E+00  4.6008E+01  7.1327E+02  1.1450E+01  1.8755E+01 -7.3052E+00 -5.3618E-01
  8.0000E+00  4.6008E+01  7.1327E+02  1.2985E+01  1.8852E+01 -5.8666E+00 -1.7189E-02
  8.0000E+00  4.6008E+01  7.1327E+02  1.3505E+01  1.8718E+01 -5.2126E+00  1.7953E-01
  8.0000E+00  4.6008E+01  7.1327E+02  1.3047E+01  1.8458E+01 -5.4113E+00  4.1693E-02
  8.0000E+00  4.6008E+01  7.1327E+02  1.0564E+01  1.8133E+01 -7.5689E+00 -8.2361E-01
  8.0000E+00  4.6008E+01  7.1327E+02  1.2683E+01  1.7774E+01 -5.0914E+00  1.7148E-02
  8.0000E+00  4.6008E+01  7.1327E+02  8.6373E+00  1.7401E+01 -8.7640E+00 -1.3833E+00
  8.0000E+00  4.6008E+01  7.1327E+02  1.1059E+01  1.7024E+01 -5.9649E+00 -4.3714E-01
  8.0000E+00  4.6008E+01  7.1327E+02  8.8038E+00  1.5553E+01 -6.7489E+00 -9.4445E-01
  8.0000E+00  4.6008E+01  7.1327E+02  1.0215E+01  1.1820E+01 -1.6046E+00  2.2317E-01
  8.0000E+00  4.6008E+01  7.1327E+02  9.1337E+00  8.9812E+00  1.5245E-01  4.0052E-01
  8.0000E+00  4.6008E+01  7.1327E+02  7.4354E+00  6.8245E+00  6.1089E-01  3.1415E-01
  8.0000E+00  4.6008E+01  7.1327E+02  2.7340E+00  5.1857E+00 -2.4517E+00 -6.3523E-01
  8.0000E+00  4.6008E+01  7.1327E+02  3.1525E+00  3.9404E+00 -7.8791E-01 -2.4904E-01
  9.0000E+00  2.5095E+01  3.6418E+02  0.0000E+00  0.0000E+00  0.0000E+00  0.0000E+00
  9.0000E+00  2.5095E+01  3.6418E+02  8.7304E-01  0.0000E+00  8.7304E-01  2.1113E-01
  9.0000E+00  2.5095E+01  3.6418E+02  9.3326E+00  9.3288E+00  3.7594E-03 -6.7710E-01
  9.0000E+00  2.5095E+01  3.6418E+02  1.8401E+01  1.4356E+01  4.0449E+00  1.4264E-01
  9.0000E+00  2.5095E+01  3.6418E+02  1.8791E+01  1.6973E+01  1.8182E+00 -9.0012E-01
  9.0000E+00  2.5095E+01  3.6418E+02  2.2161E+01  1.8240E+01  3.9206E+00 -3.0253E-01
  9.0000E+00  2.5095E+01  3.6418E+02  2.5832E+01  1.8755E+01  7.0768E+00  7.9754E-01
  9.0000E+00  2.5095E+01  3.6418E+02  2.7124E+01  1.8852E+01  8.2724E+00  1.2144E+00
  9.0000E+00  2.5095E+01  3.6418E+02  2.4099E+01  1.8718E+01  5.3814E+00  1.1860E-01
  9.0000E+00  2.5095E+01  3.6418E+02  2.5978E+01  1.8458E+01  7.5197E+00  9.1513E-01
  9.0000E+00  2.5095E+01  3.6418E+02  2.6581E+01  1.8133E+01  8.4481E+00  1.2599E+00
  9.0000E+00  2.5095E+01  3.6418E+02  2.0701E+01  1.7774E+01  2.9266E+00 -7.5429E-01
  9.0000E+00  2.5095E+01  3.6418E+02  2.3277E+01  1.7401E+01  5.8757E+00  3.3656E-01
  9.0000E+00  2.5095E+01  3.6418E+02  2.4942E+01  1.7024E+01  7.9181E+00  1.0830E+00
  9.0000E+00  2.5095E+01  3.6418E+02  1.9075E+01  1.5553E+01  3.5223E+00 -3.9767E-01
  9.0000E+00  2.5095E+01  3.6418E+02  1.4777E+01  1.1820E+01  2.9574E+00 -3.2335E-01
  9.0000E+00  2.5095E+01  3.6418E+02  1.6292E+01  8.9812E+00  7.3108E+00  1.1622E+00
  9.0000E+00  2.5095E+01  3.6418E+02  1.3662E+01  6.8245E+00  6.8375E+00  1.1342E+00
  9.0000E+00  2.5095E+01  3.6418E+02  1.3293E+01  5.1857E+00  8.1073E+00  1.5678E+00
  9.0000E+00  2.5095E+01  3.6418E+02  6.0762E+00  3.9404E+00  2.1358E+00  7.3501E-02
  1.0000E+01  4.0877E+01  6.6287E+02  0.0000E+00  0.0000E+00  0.0000E+00  0.0000E+00
  1.0000E+01  4.0877E+01  6.6287E+02 -3.7150E-01  0.0000E+00 -3.7150E-01 -8.9842E-02
  1.0000E+01  4.0877E+01  6.6287E+02  6.5295E+00  9.3288E+00 -2.7993E+00 -8.1833E-02
  1.0000E+01  4.0877E+01  6.6287E+02  4.7900E+00  1.4356E+01 -9.5661E+00 -1.8881E+00
  1.0000E+01  4.0877E+01  6.6287E+02  1.3608E+01  1.6973E+01 -3.3648E+00  4.2718E-01
  1.0000E+01  4.0877E+01  6.6287E+02  1.5042E+01  1.8240E+01 -3.1984E+00  6.0565E-01
  1.0000E+01  4.0877E+01  6.6287E+02  1.0515E+01  1.8755E+01 -8.2402E+00 -1.2501E+00
  1.0000E+01  4.0877E+01  6.6287E+02  1.7271E+01  1.8852E+01 -1.5806E+00  1.2178E+00
  1.0000E+01  4.0877E+01  6.6287E+02  1.2888E+01  1.8718E+01 -5.8296E+00 -4.2566E-01
  1.0000E+01  4.0877E+01  6.6287E+02  1.0862E+01  1.8458E+01 -7.5963E+00 -1.1424E+00
  1.0000E+01  4.0877E+01  6.6287E+02  1.1253E+01  1.8133E+01 -6.8799E+00 -9.3681E-01
  1.0000E+01  4.0877E+01  6.6287E+02  1.5143E+01  1.7774E+01 -2.6314E+00  5.5442E-01
  1.0000E+01  4.0877E+01  6.6287E+02  1.3918E+01  1.7401E+01 -3.4833E+00  1.7229E-01
  1.0000E+01  4.0877E+01  6.6287E+02  1.1673E+01  1.7024E+01 -5.3509E+00 -5.6532E-01
  1.0000E+01  4.0877E+01  6.6287E+02  1.4497E+01  1.5553E+01 -1.0557E+00  6.9771E-01
  1.0000E+01  4.0877E+01  6.6287E+02  8.3015E+00  1.1820E+01 -3.5181E+00 -6.2800E-01
  1.0000E+01  4.0877E+01  6.6287E+02  7.3889E+00  8.9812E+00 -1.5923E+00 -3.0786E-01
  1.0000E+01  4.0877E+01  6.6287E+02  6.0079E+00  6.8245E+00 -8.1661E-01 -2.4002E-01
  1.0000E+01  4.0877E+01  6.6287E+02  6.8062E+00  5.1857E+00  1.6205E+00  3.3421E-01
  1.0000E+01  4.0877E+01  6.6287E+02  5.6810E+00  3.9404E+00  1.7406E+00  3.1302E-01
  1.1000E+01  6.9365E+01  3.1293E+02  0.0000E+00  0.0000E+00  0.0000E+00  0.0000E+00
  1.1000E+01  6.9365E+01  3.1293E+02 -5.6842E-01  0.0000E+00 -5.6842E-01 -1.3746E-01
  1.1000E+01  6.9365E+01  3.1293E+02  1.4825E+01  9.3288E+00  5.4962E+00  8.8326E-01
  1.1000E+01  6.9365E+01  3.1293E+02  2.0806E+01  1.4356E+01  6.4499E+00  8.8638E-01
  1.1000E+01  6.9365E+01  3.1293E+02  2.2776E+01  1.6973E+01  5.8032E+00  5.2488E-01
  1.1000E+01  6.9365E+01  3.1293E+02  2.5909E+01  1.8240E+01  7.6686E+00  1.1880E+00
  1.1000E+01  6.9365E+01  3.1293E+02  2.6750E+01  1.8755E+01  7.9948E+00  1.3733E+00
  1.1000E+01  6.9365E+01  3.1293E+02  2.2268E+01  1.8852E+01  3.4164E+00 -2.4642E-01
  1.1000E+01  6.9365E+01  3.1293E+02  2.1373E+01  1.8718E+01  2.6554E+00 -4.1397E-01
  1.1000E+01  6.9365E+01  3.1293E+02  2.2413E+01  1.8458E+01  3.9547E+00  1.9750E-01
  1.1000E+01  6.9365E+01  3.1293E+02  2.0015E+01  1.8133E+01  1.8821E+00 -4.4043E-01
  1.1000E+01  6.9365E+01  3.1293E+02  2.0055E+01  1.7774E+01  2.2806E+00 -1.6520E-01
  1.1000E+01  6.9365E+01  3.1293E+02  2.1338E+01  1.7401E+01  3.9367E+00  5.5694E-01
  1.1000E+01  6.9365E+01  3.1293E+02  1.7573E+01  1.7024E+01  5.4906E-01 -5.4594E-01
  1.1000E+01  6.9365E+01  3.1293E+02  1.3612E+01  1.5553E+01 -1.9407E+00 -9.8113E-01
  1.1000E+01  6.9365E+01  3.1293E+02  5.6619E+00  1.1820E+01 -6.1577E+00 -1.4606E+00
  1.1000E+01  6.9365E+01  3.1293E+02  8.5935E-01  8.9812E+00 -8.1219E+00 -1.5751E+00
  1.1000E+01  6.9365E+01  3.1293E+02  2.6520E+00  6.8245E+00 -4.1725E+00 -2.5087E-01
  1.1000E+01  6.9365E+01  3.1293E+02  1.9017E+00  5.1857E+00 -3.2840E+00  2.5094E-02
  1.1000E+01  6.9365E+01  3.1293E+02  3.0592E-01  3.9404E+00 -3.6345E+00 -1.0358E-01
  1.2000E+01  3.9461E+01  5.9756E+02  0.0000E+00  0.0000E+00  0.0000E+00  0.0000E+00
  1.2000E+01  3.9461E+01  5.9756E+02  6.9916E-01  0.0000E+00  6.9916E-01  1.6908E-01
  1.2000E+01  3.9461E+01  5.9756E+02  7.5569E+00  9.3288E+00 -1.7719E+00  4.5763E-02
  1.2000E+01  3.9461E+01  5.9756E+02  1.1316E+01  1.4356E+01 -3.0401E+00 -2.4656E-02
  1.2000E+01  3.9461E+01  5.9756E+02  1.1144E+01  1.6973E+01 -5.8288E+00 -8.3988E-01
  1.2000E+01  3.9461E+01  5.9756E+02  1.2664E+01  1.8240E+01 -5.5764E+00 -7.0517E-01
  1.2000E+01  3.9461E+01  5.9756E+02  1.3131E+01  1.8755E+01 -5.6242E+00 -7.2617E-01
  1.2000E+01  3.9461E+01  5.9756E+02  1.6421E+01  1.8852E+01 -2.4306E+00  4.4112E-01
  1.2000E+01  3.9461E+01  5.9756E+02  1.4409E+01  1.8718E+01 -4.3086E+00 -3.0957E-01
  1.2000E+01  3.9461E+01  5.9756E+02  1.6692E+01  1.8458E+01 -1.7663E+00  5.8147E-01
  1.2000E+01  3.9461E+01  5.9756E+02  1.5315E+01  1.8133E+01 -2.8179E+00  1.2951E-01
  1.2000E+01  3.9461E+01  5.9756E+02  1.4247E+01  1.7774E+01 -3.5274E+00 -1.9097E-01
  1.2000E+01  3.9461E+01  5.9756E+02  9.6188E+00  1.7401E+01 -7.7825E+00 -1.7877E+00
  1.2000E+01  3.9461E+01  5.9756E+02  1.6966E+01  1.7024E+01 -5.7943E-02  9.3977E-01
  1.2000E+01  3.9461E+01  5.9756E+02  1.4428E+01  1.5553E+01 -1.1247E+00  3.3305E-01
  1.2000E+01  3.9461E+01  5.9756E+02  1.0853E+01  1.1820E+01 -9.6657E-01 -5.5411E-02
  1.2000E+01  3.9461E+01  5.9756E+02  1.2252E+01  8.9812E+00  3.2708E+00  9.6096E-01
  1.2000E+01  3.9461E+01  5.9756E+02  7.5679E+00  6.8245E+00  7.4339E-01  8.7682E-02
  1.2000E+01  3.9461E+01  5.9756E+02  5.2946E+00  5.1857E+00  1.0891E-01 -1.4642E-01
  1.2000E+01  3.9461E+01  5.9756E+02  1.4880E+00  3.9404E+00 -2.4524E+00 -8.3639E-01
  1.3000E+01  4.0264E+01  8.6807E+02  0.0000E+00  0.0000E+00  0.0000E+00  0.0000E+00
  1.3000E+01  4.0264E+01  8.6807E+02 -3.2042E-01  0.0000E+00 -3.2042E-01 -7.7489E-02
  1.3000E+01  4.0264E+01  8.6807E+02  6.7460E+00  9.3288E+00 -2.5828E+00  4.4364E-01
  1.3000E+01  4.0264E+01  8.6807E+02  8.6614E+00  1.4356E+01 -5.6947E+00  2.0523E-01
  1.3000E+01  4.0264E+01  8.6807E+02  8.3299E+00  1.6973E+01 -8.6429E+00 -4.3638E-01
  1.3000E+01  4.0264E+01  8.6807E+02  8.7517E+00  1.8240E+01 -9.4887E+00 -5.9398E-01
  1.3000E+01  4.0264E+01  8.6807E+02  6.7008E+00  1.8755E+01 -1.2054E+01 -1.5259E+00
  1.3000E+01  4.0264E+01  8.6807E+02  1.2519E+01  1.8852E+01 -6.3326E+00  5.7655E-01
  1.3000E+01  4.0264E+01  8.6807E+02  9.3268E+00  1.8718E+01 -9.3908E+00 -6.4779E-01
  1.3000E+01  4.0264E+01  8.6807E+02  1.1918E+01  1.8458E+01 -6.5403E+00  3.1731E-01
  1.3000E+01  4.0264E+01  8.6807E+02  9.9731E+00  1.8133E+01 -8.1598E+00 -3.8953E-01
  1.3000E+01  4.0264E+01  8.6807E+02  7.5797E+00  1.7774E+01 -1.0195E+01 -1.2389E+00
  1.3000E+01  4.0264E+01  8.6807E+02  7.9599E+00  1.7401E+01 -9.4414E+00 -1.0631E+00
  1.3000E+01  4.0264E+01  8.6807E+02  1.3055E+01  1.7024E+01 -3.9689E+00  8.0184E-01
  1.3000E+01  4.0264E+01  8.6807E+02  7.5450E+00  1.5553E+01 -8.0077E+00 -1.0010E+00
  1.3000E+01  4.0264E+01  8.6807E+02  1.0013E+01  1.1820E+01 -1.8066E+00  2.5235E-01
  1.3000E+01  4.0264E+01  8.6807E+02  5.4839E+00  8.9812E+00 -3.4973E+00 -7.1802E-01
  1.3000E+01  4.0264E+01  8.6807E+02  8.2221E+00  6.8245E+00  1.3976E+00  4.1504E-01
  1.3000E+01  4.0264E+01  8.6807E+02  6.4078E+00  5.1857E+00  1.2221E+00  2.0579E-01
  1.3000E+01  4.0264E+01  8.6807E+02  4.9566E+00  3.9404E+00  1.0162E+00  7.1379E-02
  1.4000E+01  5.5364E+01  8.1049E+02  0.0000E+00  0.0000E+00  0.0000E+00  0.0000E+00
  1.4000E+01  5.5364E+01  8.1049E+02 -1.0504E+00  0.0000E+00 -1.0504E+00 -2.5402E-01
  1.4000E+01  5.5364E+01  8.1049E+02  5.8911E+00  9.3288E+00 -3.4377E+00  4.0397E-02
  1.4000E+01  5.5364E+01  8.1049E+02  7.8781E+00  1.4356E+01 -6.4780E+00 -3.0848E-01
  1.4000E+01  5.5364E+01  8.1049E+02  1.1491E+01  1.6973E+01 -5.4818E+00  3.8861E-01
  1.4000E+01  5.5364E+01  8.1049E+02  7.3182E+00  1.8240E+01 -1.0922E+01 -1.4271E+00
  1.4000E+01  5.5364E+01  8.1049E+02  9.3346E+00  1.8755E+01 -9.4206E+00 -8.2575E-01
  1.4000E+01  5.5364E+01  8.1049E+02  1.2041E+01  1.8852E+01 -6.8106E+00  1.4716E-01
  1.4000E+01  5.5364E+01  8.1049E+02  1.5854E+01  1.8718E+01 -2.8636E+00  1.5846E+00
  1.4000E+01  5.5364E+01  8.1049E+02  1.0822E+01  1.8458E+01 -7.6363E+00 -2.5683E-01
  1.4000E+01  5.5364E+01  8.1049E+02  9.2415E+00  1.8133E+01 -8.8914E+00 -7.8368E-01
  1.4000E+01  5.5364E+01  8.1049E+02  8.2463E+00  1.7774E+01 -9.5281E+00 -1.0790E+00
  1.4000E+01  5.5364E+01  8.1049E+02  9.9437E+00  1.7401E+01 -7.4576E+00 -3.9033E-01
  1.4000E+01  5.5364E+01  8.1049E+02  8.5157E+00  1.7024E+01 -8.5082E+00 -8.3287E-01
  1.4000E+01  5.5364E+01  8.1049E+02  8.6114E+00  1.5553E+01 -6.9413E+00 -5.1829E-01
  1.4000E+01  5.5364E+01  8.1049E+02  5.0943E+00  1.1820E+01 -6.7253E+00 -9.6516E-01
  1.4000E+01  5.5364E+01  8.1049E+02  5.2004E+00  8.9812E+00 -3.7808E+00 -4.0324E-01
  1.4000E+01  5.5364E+01  8.1049E+02  3.4361E+00  6.8245E+00 -3.3884E+00 -5.1243E-01
  1.4000E+01  5.5364E+01  8.1049E+02  4.1310E+00  5.1857E+00 -1.0547E+00 -2.3284E-02
  1.4000E+01  5.5364E+01  8.1049E+02  3.2494E+00  3.9404E+00 -6.9101E-01 -2.9479E-02
  1.5000E+01  3.6689E+01  5.8878E+02  0.0000E+00  0.0000E+00  0.0000E+00  0.0000E+00
  1.5000E+01  3.6689E+01  5.8878E+02 -1.2576E+00  0.0000E+00 -1.2576E+00 -3.0413E-01
  1.5000E+01  3.6689E+01  5.8878E+02  6.8983E+00  9.3288E+00 -2.4305E+00 -1.7700E-01
  1.5000E+01  3.6689E+01  5.8878E+02  8.7259E+00  1.4356E+01 -5.6302E+00 -9.3867E-01
  1.5000E+01  3.6689E+01  5.8878E+02  1.2060E+01  1.6973E+01 -4.9128E+00 -5.8366E-01
  1.5000E+01  3.6689E+01  5.8878E+02  1.2764E+01  1.8240E+01 -5.4764E+00 -7.4946E-01
  1.5000E+01  3.6689E+01  5.8878E+02  1.7664E+01  1.8755E+01 -1.0912E+00  8.8017E-01
  1.5000E+01  3.6689E+01  5.8878E+02  1.6253E+01  1.8852E+01 -2.5986E+00  2.8531E-01
  1.5000E+01  3.6689E+01  5.8878E+02  1.5789E+01  1.8718E+01 -2.9286E+00  1.1110E-01
  1.5000E+01  3.6689E+01  5.8878E+02  1.4210E+01  1.8458E+01 -4.2483E+00 -4.3844E-01
  1.5000E+01  3.6689E+01  5.8878E+02  1.2709E+01  1.8133E+01 -5.4239E+00 -9.2964E-01
  1.5000E+01  3.6689E+01  5.8878E+02  1.4782E+01  1.7774E+01 -2.9924E+00 -9.4624E-02
  1.5000E+01  3.6689E+01  5.8878E+02  1.3680E+01  1.7401E+01 -3.7213E+00 -4.1791E-01
  1.5000E+01  3.6689E+01  5.8878E+02  1.8359E+01  1.7024E+01  1.3351E+00  1.3392E+00
  1.5000E+01  3.6689E+01  5.8878E+02  1.2386E+01  1.5553E+01 -3.1667E+00 -4.7031E-01
  1.5000E+01  3.6689E+01  5.8878E+02  1.1557E+01  1.1820E+01 -2.6257E-01  7.3401E-02
  1.5000E+01  3.6689E+01  5.8878E+02  8.9367E+00  8.9812E+00 -4.4550E-02 -9.0943E-02
  1.5000E+01  3.6689E+01  5.8878E+02  9.1989E+00  6.8245E+00  2.3744E+00  4.7159E-01
  1.5000E+01  3.6689E+01  5.8878E+02  8.1492E+00  5.1857E+00  2.9635E+00  5.6051E-01
  1.5000E+01  3.6689E+01  5.8878E+02  3.2366E+00  3.9404E+00 -7.0381E-01 -4.2947E-01
  1.6000E+01  2.8543E+01  4.0177E+02  0.0000E+00  0.0000E+00  0.0000E+00  0.0000E+00
  1.6000E+01  2.8543E+01  4.0177E+02  2.9605E-01  0.0000E+00  2.9605E-01  7.1595E-02
  1.6000E+01  2.8543E+01  4.0177E+02  1.2864E+01  9.3288E+00  3.5352E+00  6.3266E-01
  1.6000E+01  2.8543E+01  4.0177E+02  1.9816E+01  1.4356E+01  5.4599E+00  1.0886E+00
  1.6000E+01  2.8543E+01  4.0177E+02  2.0708E+01  1.6973E+01  3.7352E+00  3.9043E-01
  1.6000E+01  2.8543E+01  4.0177E+02  2.0340E+01  1.8240E+01  2.0996E+00 -2.9112E-01
  1.6000E+01  2.8543E+01  4.0177E+02  1.9966E+01  1.8755E+01  1.2108E+00 -6.7903E-01
  1.6000E+01  2.8543E+01  4.0177E+02  1.8822E+01  1.8852E+01 -2.9649E-02 -1.1736E+00
  1.6000E+01  2.8543E+01  4.0177E+02  2.3543E+01  1.8718E+01  4.8254E+00  6.3330E-01
  1.6000E+01  2.8543E+01  4.0177E+02  2.1939E+01  1.8458E+01  3.4807E+00  1.2505E-01
  1.6000E+01  2.8543E+01  4.0177E+02  2.4493E+01  1.8133E+01  6.3601E+00  1.1860E+00
  1.6000E+01  2.8543E+01  4.0177E+02  2.3563E+01  1.7774E+01  5.7886E+00  9.6973E-01
  1.6000E+01  2.8543E+01  4.0177E+02  2.2517E+01  1.7401E+01  5.1157E+00  7.2208E-01
  1.6000E+01  2.8543E+01  4.0177E+02  1.6775E+01  1.7024E+01 -2.4894E-01 -1.2007E+00
  1.6000E+01  2.8543E+01  4.0177E+02  2.0776E+01  1.5553E+01  5.2233E+00  7.6163E-01
  1.6000E+01  2.8543E+01  4.0177E+02  1.2688E+01  1.1820E+01  8.6843E-01 -5.6825E-01
  1.6000E+01  2.8543E+01  4.0177E+02  1.2005E+01  8.9812E+00  3.0238E+00  2.0717E-01
  1.6000E+01  2.8543E+01  4.0177E+02  9.5967E+00  6.8245E+00  2.7722E+00  2.2474E-01
  1.6000E+01  2.8543E+01  4.0177E+02  1.1326E+01  5.1857E+00  6.1403E+00  1.2071E+00
  1.6000E+01  2.8543E+01  4.0177E+02  1.1408E+01  3.9404E+00  7.4676E+00  1.5959E+00
  1.7000E+01  4.2191E+01  6.4045E+02  0.0000E+00  0.0000E+00  0.0000E+00  0.0000E+00
  1.7000E+01  4.2191E+01  6.4045E+02  1.5452E+00  0.0000E+00  1.5452E+00  3.7368E-01
  1.7000E+01  4.2191E+01  6.4045E+02  6.3148E+00  9.3288E+00 -3.0140E+00 -1.9499E-01
  1.7000E+01  4.2191E+01  6.4045E+02  1.1782E+01  1.4356E+01 -2.5741E+00  3.5169E-01
  1.7000E+01  4.2191E+01  6.4045E+02  1.0068E+01  1.6973E+01 -6.9048E+00 -9.3903E-01
  1.7000E+01  4.2191E+01  6.4045E+02  1.0811E+01  1.8240E+01 -7.4294E+00 -1.0684E+00
  1.7000E+01  4.2191E+01  6.4045E+02  1.4761E+01  1.8755E+01 -3.9942E+00  2.1995E-01
  1.7000E+01  4.2191E+01  6.4045E+02  1.2888E+01  1.8852E+01 -5.9636E+00 -5.4121E-01
  1.7000E+01  4.2191E+01  6.4045E+02  1.2712E+01  1.8718E+01 -6.0056E+00 -6.0139E-01
  1.7000E+01  4.2191E+01  6.4045E+02  1.4478E+01  1.8458E+01 -3.9803E+00  9.7801E-02
  1.7000E+01  4.2191E+01  6.4045E+02  1.1640E+01  1.8133E+01 -6.4929E+00 -8.9166E-01
  1.7000E+01  4.2191E+01  6.4045E+02  1.4605E+01  1.7774E+01 -3.1694E+00  2.6683E-01
  1.7000E+01  4.2191E+01  6.4045E+02  1.3470E+01  1.7401E+01 -3.9313E+00 -7.4490E-02
  1.7000E+01  4.2191E+01  6.4045E+02  1.6893E+01  1.7024E+01 -1.3094E-01  1.2263E+00
  1.7000E+01  4.2191E+01  6.4045E+02  1.2601E+01  1.5553E+01 -2.9517E+00 -1.2855E-02
  1.7000E+01  4.2191E+01  6.4045E+02  9.3644E+00  1.1820E+01 -2.4552E+00 -3.0843E-01
  1.7000E+01  4.2191E+01  6.4045E+02  7.5676E+00  8.9812E+00 -1.4136E+00 -2.4742E-01
  1.7000E+01  4.2191E+01  6.4045E+02  4.8312E+00  6.8245E+00 -1.9933E+00 -5.4910E-01
  1.7000E+01  4.2191E+01  6.4045E+02  4.8111E+00  5.1857E+00 -3.7459E-01 -1.7879E-01
  1.7000E+01  4.2191E+01  6.4045E+02  6.3611E+00  3.9404E+00  2.4207E+00  5.1486E-01
  1.8000E+01  2.8157E+01  6.2922E+02  0.0000E+00  0.0000E+00  0.0000E+00  0.0000E+00
  1.8000E+01  2.8157E+01  6.2922E+02  3.1204E-01  0.0000E+00  3.1204E-01  7.5462E-02
  1.8000E+01  2.8157E+01  6.2922E+02  6.9726E+00  9.3288E+00 -2.3562E+00  1.6847E-02
  1.8000E+01  2.8157E+01  6.2922E+02  8.1525E+00  1.4356E+01 -6.2036E+00 -8.3914E-01
  1.8000E+01  2.8157E+01  6.2922E+02  1.2120E+01  1.6973E+01 -4.8528E+00 -2.1377E-01
  1.8000E+01  2.8157E+01  6.2922E+02  1.2662E+01  1.8240E+01 -5.5784E+00 -4.2587E-01
  1.8000E+01  2.8157E+01  6.2922E+02  1.2470E+01  1.8755E+01 -6.2852E+00 -7.1635E-01
  1.8000E+01  2.8157E+01  6.2922E+02  9.3747E+00  1.8852E+01 -9.4769E+00 -1.9814E+00
  1.8000E+01  2.8157E+01  6.2922E+02  1.8400E+01  1.8718E+01 -3.1756E-01  1.3627E+00
  1.8000E+01  2.8157E+01  6.2922E+02  1.4095E+01  1.8458E+01 -4.3633E+00 -2.4784E-01
  1.8000E+01  2.8157E+01  6.2922E+02  1.3996E+01  1.8133E+01 -4.1369E+00 -2.6345E-01
  1.8000E+01  2.8157E+01  6.2922E+02  1.6603E+01  1.7774E+01 -1.1714E+00  7.2189E-01
  1.8000E+01  2.8157E+01  6.2922E+02  1.4755E+01  1.7401E+01 -2.6463E+00  8.3787E-02
  1.8000E+01  2.8157E+01  6.2922E+02  1.6253E+01  1.7024E+01 -7.7094E-01  6.6103E-01
  1.8000E+01  2.8157E+01  6.2922E+02  1.2588E+01  1.5553E+01 -2.9647E+00 -4.4837E-01
  1.8000E+01  2.8157E+01  6.2922E+02  1.2801E+01  1.1820E+01  9.8143E-01  2.0001E-01
  1.8000E+01  2.8157E+01  6.2922E+02  1.2319E+01  8.9812E+00  3.3378E+00  5.5500E-01
  1.8000E+01  2.8157E+01  6.2922E+02  1.1550E+01  6.8245E+00  4.7255E+00  7.6662E-01
  1.8000E+01  2.8157E+01  6.2922E+02  8.9685E+00  5.1857E+00  3.7828E+00  4.3664E-01
  1.8000E+01  2.8157E+01  6.2922E+02  6.7483E+00  3.9404E+00  2.8079E+00  1.7582E-01
  1.9000E+01  3.5989E+01  2.5915E+02  0.0000E+00  0.0000E+00  0.0000E+00  0.0000E+00
  1.9000E+01  3.5989E+01  2.5915E+02 -3.2296E-01  0.0000E+00 -3.2296E-01 -7.8103E-02
  1.9000E+01  3.5989E+01  2.5915E+02  1.4465E+01  9.3288E+00  5.1362E+00 -2.7138E-01
  1.9000E+01  3.5989E+01  2.5915E+02  2.6456E+01  1.4356E+01  1.2100E+01  9.1791E-01
  1.9000E+01  3.5989E+01  2.5915E+02  2.9819E+01  1.6973E+01  1.2846E+01  6.7277E-01
  1.9000E+01  3.5989E+01  2.5915E+02  2.8395E+01  1.8240E+01  1.0155E+01 -5.3605E-01
  1.9000E+01  3.5989E+01  2.5915E+02  3.1180E+01  1.8755E+01  1.2425E+01  2.6227E-01
  1.9000E+01  3.5989E+01  2.5915E+02  3.4463E+01  1.8852E+01  1.5611E+01  1.5274E+00
  1.9000E+01  3.5989E+01  2.5915E+02  3.2464E+01  1.8718E+01  1.3746E+01  9.5323E-01
  1.9000E+01  3.5989E+01  2.5915E+02  3.0248E+01  1.8458E+01  1.1790E+01  3.7664E-01
  1.9000E+01  3.5989E+01  2.5915E+02  3.1240E+01  1.8133E+01  1.3107E+01  1.0282E+00
  1.9000E+01  3.5989E+01  2.5915E+02  2.9189E+01  1.7774E+01  1.1415E+01  5.7254E-01
  1.9000E+01  3.5989E+01  2.5915E+02  3.3009E+01  1.7401E+01  1.5608E+01  2.2540E+00
  1.9000E+01  3.5989E+01  2.5915E+02  2.4518E+01  1.7024E+01  7.4941E+00 -5.0931E-01
  1.9000E+01  3.5989E+01  2.5915E+02  2.1881E+01  1.5553E+01  6.3283E+00 -3.0122E-01
  1.9000E+01  3.5989E+01  2.5915E+02  1.3470E+01  1.1820E+01  1.6504E+00 -5.3742E-01
  1.9000E+01  3.5989E+01  2.5915E+02  8.9478E+00  8.9812E+00 -3.3450E-02 -3.0178E-01
  1.9000E+01  3.5989E+01  2.5915E+02  5.9032E+00  6.8245E+00 -9.2131E-01 -1.4405E-01
  1.9000E+01  3.5989E+01  2.5915E+02  5.0676E+00  5.1857E+00 -1.1809E-01  2.8506E-01
  1.9000E+01  3.5989E+01  2.5915E+02  3.2325E+00  3.9404E+00 -7.0791E-01  2.2120E-01
  2.0000E+01  5.6536E+01  5.1512E+02  0.0000E+00  0.0000E+00  0.0000E+00  0.0000E+00
  2.0000E+01  5.6536E+01  5.1512E+02  5.0709E-02  0.0000E+00  5.0709E-02  1.2263E-02
  2.0000E+01  5.6536E+01  5.1512E+02  5.1043E+00  9.3288E+00 -4.2245E+00 -9.7521E-01
  2.0000E+01  5.6536E+01  5.1512E+02  1.1996E+01  1.4356E+01 -2.3601E+00 -3.0337E-01
  2.0000E+01  5.6536E+01  5.1512E+02  1.5094E+01  1.6973E+01 -1.8788E+00 -4.3441E-02
  2.0000E+01  5.6536E+01  5.1512E+02  1.5925E+01  1.8240E+01 -2.3154E+00 -1.3960E-01
  2.0000E+01  5.6536E+01  5.1512E+02  2.0068E+01  1.8755E+01  1.3128E+00  1.2542E+00
  2.0000E+01  5.6536E+01  5.1512E+02  1.3769E+01  1.8852E+01 -5.0826E+00 -1.1172E+00
  2.0000E+01  5.6536E+01  5.1512E+02  1.3709E+01  1.8718E+01 -5.0086E+00 -1.0723E+00
  2.0000E+01  5.6536E+01  5.1512E+02  1.6929E+01  1.8458E+01 -1.5293E+00  2.3618E-01
  2.0000E+01  5.6536E+01  5.1512E+02  1.6226E+01  1.8133E+01 -1.9069E+00  9.9943E-02
  2.0000E+01  5.6536E+01  5.1512E+02  1.3739E+01  1.7774E+01 -4.0354E+00 -6.7580E-01
  2.0000E+01  5.6536E+01  5.1512E+02  1.8221E+01  1.7401E+01  8.1968E-01  1.0884E+00
  2.0000E+01  5.6536E+01  5.1512E+02  1.3661E+01  1.7024E+01 -3.3629E+00 -4.2047E-01
  2.0000E+01  5.6536E+01  5.1512E+02  1.5054E+01  1.5553E+01 -4.9870E-01  5.7738E-01
  2.0000E+01  5.6536E+01  5.1512E+02  9.1650E+00  1.1820E+01 -2.6546E+00 -1.9679E-01
  2.0000E+01  5.6536E+01  5.1512E+02  4.2707E+00  8.9812E+00 -4.7105E+00 -8.4879E-01
  2.0000E+01  5.6536E+01  5.1512E+02  2.5677E+00  6.8245E+00 -4.2568E+00 -7.4674E-01
  2.0000E+01  5.6536E+01  5.1512E+02  1.6778E+00  5.1857E+00 -3.5079E+00 -5.8052E-01
  2.0000E+01  5.6536E+01  5.1512E+02  9.3494E-01  3.9404E+00 -3.0055E+00 -4.8895E-01
  2.1000E+01  4.4854E+01  4.8184E+02  0.0000E+00  0.0000E+00  0.0000E+00  0.0000E+00
  2.1000E+01  4.4854E+01  4.8184E+02 -6.3680E-01  0.0000E+00 -6.3680E-01 -1.5400E-01
  2.1000E+01  4.4854E+01  4.8184E+02  6.3595E+00  9.3288E+00 -2.9693E+00 -7.6593E-01
  2.1000E+01  4.4854E+01  4.8184E+02  1.5855E+01  1.4356E+01  1.4989E+00  6.9100E-01
  2.1000E+01  4.4854E+01  4.8184E+02  1.5698E+01  1.6973E+01 -1.2748E+00 -2.0741E-01
  2.1000E+01  4.4854E+01  4.8184E+02  1.5805E+01  1.8240E+01 -2.4354E+00 -6.2064E-01
  2.1000E+01  4.4854E+01  4.8184E+02  1.6053E+01  1.8755E+01 -2.7022E+00 -7.1930E-01
  2.1000E+01  4.4854E+01  4.8184E+02  1.6503E+01  1.8852E+01 -2.3486E+00 -5.8540E-01
  2.1000E+01  4.4854E+01  4.8184E+02  2.0913E+01  1.8718E+01  2.1954E+00  1.1162E+00
  2.1000E+01  4.4854E+01  4.8184E+02  1.9193E+01  1.8458E+01  7.3471E-01  5.6420E-01
  2.1000E+01  4.4854E+01  4.8184E+02  1.8181E+01  1.8133E+01  4.8126E-02  3.0334E-01
  2.1000E+01  4.4854E+01  4.8184E+02  1.5875E+01  1.7774E+01 -1.8994E+00 -4.1455E-01
  2.1000E+01  4.4854E+01  4.8184E+02  1.8073E+01  1.7401E+01  6.7168E-01  5.1559E-01
  2.1000E+01  4.4854E+01  4.8184E+02  1.6874E+01  1.7024E+01 -1.4994E-01  2.1208E-01
  2.1000E+01  4.4854E+01  4.8184E+02  1.3723E+01  1.5553E+01 -1.8297E+00 -3.9143E-01
  2.1000E+01  4.4854E+01  4.8184E+02  7.5339E+00  1.1820E+01 -4.2857E+00 -1.1676E+00
  2.1000E+01  4.4854E+01  4.8184E+02  9.5438E+00  8.9812E+00  5.6255E-01  2.9659E-01
  2.1000E+01  4.4854E+01  4.8184E+02  6.1862E+00  6.8245E+00 -6.3831E-01 -7.7769E-02
  2.1000E+01  4.4854E+01  4.8184E+02  4.8479E+00  5.1857E+00 -3.3779E-01 -1.4117E-02
  2.1000E+01  4.4854E+01  4.8184E+02  3.7991E+00  3.9404E+00 -1.4131E-01  2.2182E-02
  2.2000E+01  5.5888E+01  4.1675E+02  0.0000E+00  0.0000E+00  0.0000E+00  0.0000E+00
  2.2000E+01  5.5888E+01  4.1675E+02 -3.6637E-01  0.0000E+00 -3.6637E-01 -8.8601E-02
  2.2000E+01  5.5888E+01  4.1675E+02  1.0344E+01  9.3288E+00  1.0152E+00  1.1780E-01
  2.2000E+01  5.5888E+01  4.1675E+02  1.6229E+01  1.4356E+01  1.8729E+00  3.1878E-01
  2.2000E+01  5.5888E+01  4.1675E+02  1.7370E+01  1.6973E+01  3.9724E-01 -2.2042E-01
  2.2000E+01  5.5888E+01  4.1675E+02  1.8243E+01  1.8240E+01  2.5678E-03 -3.6932E-01
  2.2000E+01  5.5888E+01  4.1675E+02  2.4027E+01  1.8755E+01  5.2718E+00  1.6226E+00
  2.2000E+01  5.5888E+01  4.1675E+02  2.1692E+01  1.8852E+01  2.8404E+00  7.5572E-01
  2.2000E+01  5.5888E+01  4.1675E+02  1.8074E+01  1.8718E+01 -6.4356E-01 -5.0464E-01
  2.2000E+01  5.5888E+01  4.1675E+02  1.9617E+01  1.8458E+01  1.1587E+00  2.1529E-01
  2.2000E+01  5.5888E+01  4.1675E+02  1.7450E+01  1.8133E+01 -6.8287E-01 -4.1895E-01
  2.2000E+01  5.5888E+01  4.1675E+02  1.4898E+01  1.7774E+01 -2.8764E+00 -1.1713E+00
  2.2000E+01  5.5888E+01  4.1675E+02  2.0362E+01  1.7401E+01  2.9607E+00  9.9483E-01
  2.2000E+01  5.5888E+01  4.1675E+02  1.4467E+01  1.7024E+01 -2.5569E+00 -9.5061E-01
  2.2000E+01  5.5888E+01  4.1675E+02  1.4981E+01  1.5553E+01 -5.7170E-01 -9.0023E-02
  2.2000E+01  5.5888E+01  4.1675E+02  8.8459E+00  1.1820E+01 -2.9737E+00 -5.8264E-01
  2.2000E+01  5.5888E+01  4.1675E+02  7.6807E+00  8.9812E+00 -1.3005E+00  5.5574E-02
  2.2000E+01  5.5888E+01  4.1675E+02  2.8642E+00  6.8245E+00 -3.9603E+00 -6.5488E-01
  2.2000E+01  5.5888E+01  4.1675E+02  1.9533E+00  5.1857E+00 -3.2324E+00 -4.4390E-01
  2.2000E+01  5.5888E+01  4.1675E+02  1.8236E+00  3.9404E+00 -2.1168E+00 -1.6917E-01
  2.3000E+01  4.1722E+01  4.0883E+02  0.0000E+00  0.0000E+00  0.0000E+00  0.0000E+00
  2.3000E+01  4.1722E+01  4.0883E+02  1.8423E+00  0.0000E+00  1.8423E+00  4.4553E-01
  2.3000E+01  4.1722E+01  4.0883E+02  1.1117E+01  9.3288E+00  1.7882E+00  2.3743E-01
  2.3000E+01  4.1722E+01  4.0883E+02  1.9169E+01  1.4356E+01  4.8129E+00  1.0958E+00
  2.3000E+01  4.1722E+01  4.0883E+02  1.7697E+01  1.6973E+01  7.2424E-01 -3.7753E-01
  2.3000E+01  4.1722E+01  4.0883E+02  2.1983E+01  1.8240E+01  3.7426E+00  6.8003E-01
  2.3000E+01  4.1722E+01  4.0883E+02  2.2164E+01  1.8755E+01  3.4088E+00  5.5643E-01
  2.3000E+01  4.1722E+01  4.0883E+02  1.7968E+01  1.8852E+01 -8.8365E-01 -1.0429E+00
  2.3000E+01  4.1722E+01  4.0883E+02  2.1914E+01  1.8718E+01  3.1964E+00  5.0511E-01
  2.3000E+01  4.1722E+01  4.0883E+02  2.2512E+01  1.8458E+01  4.0537E+00  8.4407E-01
  2.3000E+01  4.1722E+01  4.0883E+02  2.0095E+01  1.8133E+01  1.9621E+00  9.1610E-02
  2.3000E+01  4.1722E+01  4.0883E+02  1.9219E+01  1.7774E+01  1.4446E+00 -7.2130E-02
  2.3000E+01  4.1722E+01  4.0883E+02  1.8926E+01  1.7401E+01  1.5247E+00 -1.6553E-02
  2.3000E+01  4.1722E+01  4.0883E+02  1.6634E+01  1.7024E+01 -3.8994E-01 -6.7706E-01
  2.3000E+01  4.1722E+01  4.0883E+02  1.5448E+01  1.5553E+01 -1.0470E-01 -4.6275E-01
  2.3000E+01  4.1722E+01  4.0883E+02  1.0097E+01  1.1820E+01 -1.7226E+00 -7.4202E-01
  2.3000E+01  4.1722E+01  4.0883E+02  1.0283E+01  8.9812E+00  1.3018E+00  3.0183E-01
  2.3000E+01  4.1722E+01  4.0883E+02  7.5491E+00  6.8245E+00  7.2459E-01  1.8980E-01
  2.3000E+01  4.1722E+01  4.0883E+02  7.1956E+00  5.1857E+00  2.0099E+00  5.6388E-01
  2.3000E+01  4.1722E+01  4.0883E+02  5.4852E+00  3.9404E+00  1.5448E+00  4.4586E-01
  2.4000E+01  6.0357E+01  2.9688E+02  0.0000E+00  0.0000E+00  0.0000E+00  0.0000E+00
  2.4000E+01  6.0357E+01  2.9688E+02 -6.2445E-01  0.0000E+00 -6.2445E-01 -1.5101E-01
  2.4000E+01  6.0357E+01  2.9688E+02  1.3398E+01  9.3288E+00  4.0692E+00  2.0733E-01
  2.4000E+01  6.0357E+01  2.9688E+02  2.0635E+01  1.4356E+01  6.2789E+00  3.8138E-01
  2.4000E+01  6.0357E+01  2.9688E+02  2.4592E+01  1.6973E+01  7.6192E+00  6.0234E-01
  2.4000E+01  6.0357E+01  2.9688E+02  2.9019E+01  1.8240E+01  1.0779E+01  1.7012E+00
  2.4000E+01  6.0357E+01  2.9688E+02  2.7174E+01  1.8755E+01  8.4188E+00  8.7386E-01
  2.4000E+01  6.0357E+01  2.9688E+02  2.4045E+01  1.8852E+01  5.1934E+00 -2.4048E-01
  2.4000E+01  6.0357E+01  2.9688E+02  2.5106E+01  1.8718E+01  6.3884E+00  3.3181E-01
  2.4000E+01  6.0357E+01  2.9688E+02  2.6261E+01  1.8458E+01  7.8027E+00  9.9400E-01
  2.4000E+01  6.0357E+01  2.9688E+02  2.1333E+01  1.8133E+01  3.2001E+00 -5.6824E-01
  2.4000E+01  6.0357E+01  2.9688E+02  2.4573E+01  1.7774E+01  6.7986E+00  8.9301E-01
  2.4000E+01  6.0357E+01  2.9688E+02  1.6318E+01  1.7401E+01 -1.0833E+00 -1.8295E+00
  2.4000E+01  6.0357E+01  2.9688E+02  2.2964E+01  1.7024E+01  5.9401E+00  8.3676E-01
  2.4000E+01  6.0357E+01  2.9688E+02  1.4390E+01  1.5553E+01 -1.1627E+00 -1.1817E+00
  2.4000E+01  6.0357E+01  2.9688E+02  8.9000E+00  1.1820E+01 -2.9196E+00 -7.4000E-01
  2.4000E+01  6.0357E+01  2.9688E+02  4.1904E+00  8.9812E+00 -4.7908E+00 -7.8826E-01
  2.4000E+01  6.0357E+01  2.9688E+02  2.2517E+00  6.8245E+00 -4.5728E+00 -4.8344E-01
  2.4000E+01  6.0357E+01  2.9688E+02  8.9925E-01  5.1857E+00 -4.2864E+00 -3.2201E-01
  2.4000E+01  6.0357E+01  2.9688E+02 -7.6163E-01  3.9404E+00 -4.7020E+00 -4.3243E-01
  2.5000E+01  5.1774E+01  2.6389E+02  0.0000E+00  0.0000E+00  0.0000E+00  0.0000E+00
  2.5000E+01  5.1774E+01  2.6389E+02 -2.7706E-01  0.0000E+00 -2.7706E-01 -6.7003E-02
  2.5000E+01  5.1774E+01  2.6389E+02  1.4937E+01  9.3288E+00  5.6082E+00  2.2550E-01
  2.5000E+01  5.1774E+01  2.6389E+02  2.2370E+01  1.4356E+01  8.0139E+00  1.9431E-01
  2.5000E+01  5.1774E+01  2.6389E+02  2.7784E+01  1.6973E+01  1.0811E+01  7.6832E-01
  2.5000E+01  5.1774E+01  2.6389E+02  3.3748E+01  1.8240E+01  1.5508E+01  2.3648E+00
  2.5000E+01  5.1774E+01  2.6389E+02  3.0535E+01  1.8755E+01  1.1780E+01  1.0083E+00
  2.5000E+01  5.1774E+01  2.6389E+02  2.8792E+01  1.8852E+01  9.9404E+00  4.1347E-01
  2.5000E+01  5.1774E+01  2.6389E+02  2.7233E+01  1.8718E+01  8.5154E+00  1.7583E-02
  2.5000E+01  5.1774E+01  2.6389E+02  2.7830E+01  1.8458E+01  9.3717E+00  4.9589E-01
  2.5000E+01  5.1774E+01  2.6389E+02  2.9673E+01  1.8133E+01  1.1540E+01  1.4593E+00
  2.5000E+01  5.1774E+01  2.6389E+02  2.3075E+01  1.7774E+01  5.3006E+00 -6.6468E-01
  2.5000E+01  5.1774E+01  2.6389E+02  2.5532E+01  1.7401E+01  8.1307E+00  5.3062E-01
  2.5000E+01  5.1774E+01  2.6389E+02  1.8616E+01  1.7024E+01  1.5921E+00 -1.6576E+00
  2.5000E+01  5.1774E+01  2.6389E+02  1.8537E+01  1.5553E+01  2.9843E+00 -5.5254E-01
  2.5000E+01  5.1774E+01  2.6389E+02  1.1197E+01  1.1820E+01 -6.2257E-01 -5.2531E-01
  2.5000E+01  5.1774E+01  2.6389E+02  6.9259E+00  8.9812E+00 -2.0553E+00 -3.1204E-01
  2.5000E+01  5.1774E+01  2.6389E+02  4.4351E+00  6.8245E+00 -2.3894E+00 -8.5456E-02
  2.5000E+01  5.1774E+01  2.6389E+02  5.6404E-01  5.1857E+00 -4.6216E+00 -5.4836E-01
  2.5000E+01  5.1774E+01  2.6389E+02  1.3267E+00  3.9404E+00 -2.6137E+00  2.6091E-02
  2.6000E+01  6.6069E+01  3.5220E+02  0.0000E+00  0.0000E+00  0.0000E+00  0.0000E+00
  2.6000E+01  6.6069E+01  3.5220E+02  1.5077E+00  0.0000E+00  1.5077E+00  3.6461E-01
  2.6000E+01  6.6069E+01  3.5220E+02  1.4251E+01  9.3288E+00  4.9222E+00  9.1991E-01
  2.6000E+01  6.6069E+01  3.5220E+02  1.8683E+01  1.4356E+01  4.3269E+00  5.3757E-01
  2.6000E+01  6.6069E+01  3.5220E+02  2.1009E+01  1.6973E+01  4.0362E+00  3.4241E-01
  2.6000E+01  6.6069E+01  3.5220E+02  2.0798E+01  1.8240E+01  2.5576E+00 -2.0817E-01
  2.6000E+01  6.6069E+01  3.5220E+02  2.4266E+01  1.8755E+01  5.5108E+00  9.3957E-01
  2.6000E+01  6.6069E+01  3.5220E+02  2.2509E+01  1.8852E+01  3.6574E+00  3.2875E-01
  2.6000E+01  6.6069E+01  3.5220E+02  2.5867E+01  1.8718E+01  7.1494E+00  1.7319E+00
  2.6000E+01  6.6069E+01  3.5220E+02  1.6664E+01  1.8458E+01 -1.7943E+00 -1.4996E+00
  2.6000E+01  6.6069E+01  3.5220E+02  1.6596E+01  1.8133E+01 -1.5369E+00 -1.2877E+00
  2.6000E+01  6.6069E+01  3.5220E+02  2.1713E+01  1.7774E+01  3.9386E+00  8.2660E-01
  2.6000E+01  6.6069E+01  3.5220E+02  1.7280E+01  1.7401E+01 -1.2132E-01 -5.5150E-01
  2.6000E+01  6.6069E+01  3.5220E+02  1.8856E+01  1.7024E+01  1.8321E+00  2.4787E-01
  2.6000E+01  6.6069E+01  3.5220E+02  1.4259E+01  1.5553E+01 -1.2937E+00 -5.1423E-01
  2.6000E+01  6.6069E+01  3.5220E+02  8.3436E+00  1.1820E+01 -3.4760E+00 -5.5186E-01
  2.6000E+01  6.6069E+01  3.5220E+02  2.7162E+00  8.9812E+00 -6.2650E+00 -1.0523E+00
  2.6000E+01  6.6069E+01  3.5220E+02 -2.2647E-01  6.8245E+00 -7.0510E+00 -1.1162E+00
  2.6000E+01  6.6069E+01  3.5220E+02  9.1058E-01  5.1857E+00 -4.2751E+00 -3.2286E-01
  2.6000E+01  6.6069E+01  3.5220E+02 -7.6718E-01  3.9404E+00 -4.7076E+00 -4.7053E-01
  2.7000E+01  4.3991E+01  6.4454E+02  0.0000E+00  0.0000E+00  0.0000E+00  0.0000E+00
  2.7000E+01  4.3991E+01  6.4454E+02 -6.5115E-01  0.0000E+00 -6.5115E-01 -1.5747E-01
  2.7000E+01  4.3991E+01  6.4454E+02  3.3680E+00  9.3288E+00 -5.9608E+00 -1.0505E+00
  2.7000E+01  4.3991E+01  6.4454E+02  6.4658E+00  1.4356E+01 -7.8903E+00 -1.3934E+00
  2.7000E+01  4.3991E+01  6.4454E+02  1.3054E+01  1.6973E+01 -3.9188E+00  1.5374E-01
  2.7000E+01  4.3991E+01  6.4454E+02  1.4153E+01  1.8240E+01 -4.0874E+00  1.9741E-01
  2.7000E+01  4.3991E+01  6.4454E+02  1.4996E+01  1.8755E+01 -3.7592E+00  3.4563E-01
  2.7000E+01  4.3991E+01  6.4454E+02  1.1168E+01  1.8852E+01 -7.6836E+00 -1.1467E+00
  2.7000E+01  4.3991E+01  6.4454E+02  1.4822E+01  1.8718E+01 -3.8956E+00  2.2909E-01
  2.7000E+01  4.3991E+01  6.4454E+02  1.0910E+01  1.8458E+01 -7.5483E+00 -1.1864E+00
  2.7000E+01  4.3991E+01  6.4454E+02  1.3886E+01  1.8133E+01 -4.2469E+00 -2.0952E-02
  2.7000E+01  4.3991E+01  6.4454E+02  1.3911E+01  1.7774E+01 -3.8634E+00  5.6457E-02
  2.7000E+01  4.3991E+01  6.4454E+02  1.5853E+01  1.7401E+01 -1.5483E+00  8.3109E-01
  2.7000E+01  4.3991E+01  6.4454E+02  1.0218E+01  1.7024E+01 -6.8059E+00 -1.1215E+00
  2.7000E+01  4.3991E+01  6.4454E+02  1.5392E+01  1.5553E+01 -1.6070E-01  9.9343E-01
  2.7000E+01  4.3991E+01  6.4454E+02  9.4992E+00  1.1820E+01 -2.3204E+00 -2.2513E-01
  2.7000E+01  4.3991E+01  6.4454E+02  8.5407E+00  8.9812E+00 -4.4055E-01  7.3755E-02
  2.7000E+01  4.3991E+01  6.4454E+02  7.5509E+00  6.8245E+00  7.2639E-01  2.3977E-01
  2.7000E+01  4.3991E+01  6.4454E+02  2.4598E+00  5.1857E+00 -2.7259E+00 -7.8391E-01
  2.7000E+01  4.3991E+01  6.4454E+02  2.6450E+00  3.9404E+00 -1.2954E+00 -4.3508E-01
  2.8000E+01  3.4818E+01  4.5404E+02  0.0000E+00  0.0000E+00  0.0000E+00  0.0000E+00
  2.8000E+01  3.4818E+01  4.5404E+02  1.4284E+00  0.0000E+00  1.4284E+00  3.4544E-01
  2.8000E+01  3.4818E+01  4.5404E+02  9.3231E+00  9.3288E+00 -5.7406E-03 -5.9609E-02
  2.8000E+01  3.4818E+01  4.5404E+02  1.6756E+01  1.4356E+01  2.3999E+00  6.9050E-01
  2.8000E+01  3.4818E+01  4.5404E+02  1.3775E+01  1.6973E+01 -3.1978E+00 -1.2850E+00
  2.8000E+01  3.4818E+01  4.5404E+02  1.6927E+01  1.8240E+01 -1.3134E+00 -6.6066E-01
  2.8000E+01  3.4818E+01  4.5404E+02  1.9989E+01  1.8755E+01  1.2338E+00  2.6165E-01
  2.8000E+01  3.4818E+01  4.5404E+02  2.1599E+01  1.8852E+01  2.7474E+00  8.1341E-01
  2.8000E+01  3.4818E+01  4.5404E+02  1.8851E+01  1.8718E+01  1.3344E-01 -1.8147E-01
  2.8000E+01  3.4818E+01  4.5404E+02  2.1585E+01  1.8458E+01  3.1267E+00  9.1927E-01
  2.8000E+01  3.4818E+01  4.5404E+02  2.0916E+01  1.8133E+01  2.7831E+00  7.7332E-01
  2.8000E+01  3.4818E+01  4.5404E+02  1.9287E+01  1.7774E+01  1.5126E+00  2.9149E-01
  2.8000E+01  3.4818E+01  4.5404E+02  1.7002E+01  1.7401E+01 -3.9932E-01 -4.1271E-01
  2.8000E+01  3.4818E+01  4.5404E+02  1.4303E+01  1.7024E+01 -2.7209E+00 -1.2493E+00
  2.8000E+01  3.4818E+01  4.5404E+02  1.7097E+01  1.5553E+01  1.5443E+00  2.4025E-01
  2.8000E+01  3.4818E+01  4.5404E+02  1.3476E+01  1.1820E+01  1.6564E+00  2.1605E-01
  2.8000E+01  3.4818E+01  4.5404E+02  1.2928E+01  8.9812E+00  3.9468E+00  8.7143E-01
  2.8000E+01  3.4818E+01  4.5404E+02  8.7864E+00  6.8245E+00  1.9619E+00  2.9282E-01
  2.8000E+01  3.4818E+01  4.5404E+02  5.1249E+00  5.1857E+00 -6.0789E-02 -2.3719E-01
  2.8000E+01  3.4818E+01  4.5404E+02  5.3580E+00  3.9404E+00  1.4176E+00  1.8176E-01
  2.9000E+01  6.5080E+01  2.8067E+02  0.0000E+00  0.0000E+00  0.0000E+00  0.0000E+00
  2.9000E+01  6.5080E+01  2.8067E+02  4.5896E-01  0.0000E+00  4.5896E-01  1.1099E-01
  2.9000E+01  6.5080E+01  2.8067E+02  1.3233E+01  9.3288E+00  3.9042E+00  9.4409E-02
  2.9000E+01  6.5080E+01  2.8067E+02  2.0211E+01  1.4356E+01  5.8549E+00  1.3069E-01
  2.9000E+01  6.5080E+01  2.8067E+02  2.7355E+01  1.6973E+01  1.0382E+01  1.4521E+00
  2.9000E+01  6.5080E+01  2.8067E+02  2.7990E+01  1.8240E+01  9.7496E+00  1.1813E+00
  2.9000E+01  6.5080E+01  2.8067E+02  3.0221E+01  1.8755E+01  1.1466E+01  1.8753E+00
  2.9000E+01  6.5080E+01  2.8067E+02  2.8341E+01  1.8852E+01  9.4894E+00  1.2426E+00
  2.9000E+01  6.5080E+01  2.8067E+02  2.7167E+01  1.8718E+01  8.4494E+00  9.8617E-01
  2.9000E+01  6.5080E+01  2.8067E+02  1.9954E+01  1.8458E+01  1.4957E+00 -1.4540E+00
  2.9000E+01  6.5080E+01  2.8067E+02  1.9986E+01  1.8133E+01  1.8531E+00 -1.1551E+00
  2.9000E+01  6.5080E+01  2.8067E+02  2.2995E+01  1.7774E+01  5.2206E+00  2.3936E-01
  2.9000E+01  6.5080E+01  2.8067E+02  1.9826E+01  1.7401E+01  2.4247E+00 -6.2513E-01
  2.9000E+01  6.5080E+01  2.8067E+02  2.0826E+01  1.7024E+01  3.8021E+00  1.7883E-02
  2.9000E+01  6.5080E+01  2.8067E+02  1.5063E+01  1.5553E+01 -4.8970E-01 -9.6186E-01
  2.9000E+01  6.5080E+01  2.8067E+02  7.3069E+00  1.1820E+01 -4.5127E+00 -1.1795E+00
  2.9000E+01  6.5080E+01  2.8067E+02  5.1684E+00  8.9812E+00 -3.8128E+00 -4.1275E-01
  2.9000E+01  6.5080E+01  2.8067E+02  8.8218E-01  6.8245E+00 -5.9423E+00 -7.6756E-01
  2.9000E+01  6.5080E+01  2.8067E+02  2.9423E+00  5.1857E+00 -2.2434E+00  3.2194E-01
  2.9000E+01  6.5080E+01  2.8067E+02 -2.7838E+00  3.9404E+00 -6.7242E+00 -8.7376E-01
  3.0000E+01  2.7490E+01  3.2782E+02  0.0000E+00  0.0000E+00  0.0000E+00  0.0000E+00
  3.0000E+01  2.7490E+01  3.2782E+02 -9.0287E-01  0.0000E+00 -9.0287E-01 -2.1835E-01
  3.0000E+01  2.7490E+01  3.2782E+02  1.7451E+01  9.3288E+00  8.1222E+00  1.3228E+00
  3.0000E+01  2.7490E+01  3.2782E+02  2.4578E+01  1.4356E+01  1.0222E+01  1.5205E+00
  3.0000E+01  2.7490E+01  3.2782E+02  2.4207E+01  1.6973E+01  7.2342E+00  1.8804E-01
  3.0000E+01  2.7490E+01  3.2782E+02  2.2163E+01  1.8240E+01  3.9226E+00 -1.2105E+00
  3.0000E+01  2.7490E+01  3.2782E+02  2.4877E+01  1.8755E+01  6.1218E+00 -4.7736E-01
  3.0000E+01  2.7490E+01  3.2782E+02  2.6577E+01  1.8852E+01  7.7254E+00  1.1687E-01
  3.0000E+01  2.7490E+01  3.2782E+02  2.7905E+01  1.8718E+01  9.1874E+00  6.9386E-01
  3.0000E+01  2.7490E+01  3.2782E+02  2.4001E+01  1.8458E+01  5.5427E+00 -6.1583E-01
  3.0000E+01  2.7490E+01  3.2782E+02  2.6700E+01  1.8133E+01  8.5671E+00  5.6328E-01
  3.0000E+01  2.7490E+01  3.2782E+02  2.7140E+01  1.7774E+01  9.3656E+00  9.1309E-01
  3.0000E+01  2.7490E+01  3.2782E+02  2.9381E+01  1.7401E+01  1.1980E+01  1.9146E+00
  3.0000E+01  2.7490E+01  3.2782E+02  2.6894E+01  1.7024E+01  9.8701E+00  1.2044E+00
  3.0000E+01  2.7490E+01  3.2782E+02  1.8749E+01  1.5553E+01  3.1963E+00 -9.0364E-01
  3.0000E+01  2.7490E+01  3.2782E+02  1.8435E+01  1.1820E+01  6.6154E+00  7.8445E-01
  3.0000E+01  2.7490E+01  3.2782E+02  1.5779E+01  8.9812E+00  6.7978E+00  1.1447E+00
  3.0000E+01  2.7490E+01  3.2782E+02  8.8467E+00  6.8245E+00  2.0222E+00  2.7170E-03
  3.0000E+01  2.7490E+01  3.2782E+02  6.6639E+00  5.1857E+00  1.4782E+00  2.3147E-02
  3.0000E+01  2.7490E+01  3.2782E+02  8.8855E+00  3.9404E+00  4.9451E+00  1.0441E+00
  3.1000E+01  6.3679E+01  1.9618E+02  0.0000E+00  0.0000E+00  0.0000E+00  0.0000E+00
  3.1000E+01  6.3679E+01  1.9618E+02 -1.7821E+00  0.0000E+00 -1.7821E+00 -4.3097E-01
  3.1000E+01  6.3679E+01  1.9618E+02  1.8485E+01  9.3288E+00  9.1562E+00  7.0022E-01
  3.1000E+01  6.3679E+01  1.9618E+02  3.3277E+01  1.4356E+01  1.8921E+01  2.8336E+00
  3.1000E+01  6.3679E+01  1.9618E+02  3.6978E+01  1.6973E+01  2.0005E+01  2.8087E+00
  3.1000E+01  6.3679E+01  1.9618E+02  3.7037E+01  1.8240E+01  1.8797E+01  2.2369E+00
  3.1000E+01  6.3679E+01  1.9618E+02  3.6272E+01  1.8755E+01  1.7517E+01  1.7938E+00
  3.1000E+01  6.3679E+01  1.9618E+02  3.4936E+01  1.8852E+01  1.6084E+01  1.3903E+00
  3.1000E+01  6.3679E+01  1.9618E+02  3.0204E+01  1.8718E+01  1.1486E+01 -1.4089E-01
  3.1000E+01  6.3679E+01  1.9618E+02  2.9828E+01  1.8458E+01  1.1370E+01  3.9912E-02
  3.1000E+01  6.3679E+01  1.9618E+02  2.7691E+01  1.8133E+01  9.5581E+00 -3.9381E-01
  3.1000E+01  6.3679E+01  1.9618E+02  2.5313E+01  1.7774E+01  7.5386E+00 -8.9277E-01
  3.1000E+01  6.3679E+01  1.9618E+02  2.3014E+01  1.7401E+01  5.6127E+00 -1.3507E+00
  3.1000E+01  6.3679E+01  1.9618E+02  2.1266E+01  1.7024E+01  4.2421E+00 -1.6061E+00
  3.1000E+01  6.3679E+01  1.9618E+02  2.0363E+01  1.5553E+01  4.8103E+00 -5.6472E-01
  3.1000E+01  6.3679E+01  1.9618E+02  1.1131E+01  1.1820E+01 -6.8857E-01 -6.9143E-01
  3.1000E+01  6.3679E+01  1.9618E+02  6.9905E+00  8.9812E+00 -1.9907E+00 -1.9186E-01
  3.1000E+01  6.3679E+01  1.9618E+02  3.9159E+00  6.8245E+00 -2.9086E+00 -1.2247E-02
  3.1000E+01  6.3679E+01  1.9618E+02  1.6638E+00  5.1857E+00 -3.5219E+00  1.1318E-02
  3.1000E+01  6.3679E+01  1.9618E+02  1.7494E+00  3.9404E+00 -2.1910E+00  4.0900E-01
  3.2000E+01  4.7137E+01  5.5339E+02  0.0000E+00  0.0000E+00  0.0000E+00  0.0000E+00
  3.2000E+01  4.7137E+01  5.5339E+02  1.0018E+00  0.0000E+00  1.0018E+00  2.4227E-01
  3.2000E+01  4.7137E+01  5.5339E+02  8.0357E+00  9.3288E+00 -1.2931E+00  1.0088E-02
  3.2000E+01  4.7137E+01  5.5339E+02  1.2708E+01  1.4356E+01 -1.6481E+00  1.3729E-01
  3.2000E+01  4.7137E+01  5.5339E+02  1.0325E+01  1.6973E+01 -6.6478E+00 -1.4975E+00
  3.2000E+01  4.7137E+01  5.5339E+02  1.4064E+01  1.8240E+01 -4.1764E+00 -5.7526E-01
  3.2000E+01  4.7137E+01  5.5339E+02  1.5101E+01  1.8755E+01 -3.6542E+00 -3.6648E-01
  3.2000E+01  4.7137E+01  5.5339E+02  1.3224E+01  1.8852E+01 -5.6276E+00 -1.1100E+00
  3.2000E+01  4.7137E+01  5.5339E+02  1.9117E+01  1.8718E+01  3.9944E-01  1.1327E+00
  3.2000E+01  4.7137E+01  5.5339E+02  2.0069E+01  1.8458E+01  1.6107E+00  1.5539E+00
  3.2000E+01  4.7137E+01  5.5339E+02  1.5564E+01  1.8133E+01 -2.5689E+00 -2.4966E-02
  3.2000E+01  4.7137E+01  5.5339E+02  1.6481E+01  1.7774E+01 -1.2934E+00  4.1464E-01
  3.2000E+01  4.7137E+01  5.5339E+02  1.0801E+01  1.7401E+01 -6.6003E+00 -1.5361E+00
  3.2000E+01  4.7137E+01  5.5339E+02  1.3857E+01  1.7024E+01 -3.1669E+00 -3.1754E-01
  3.2000E+01  4.7137E+01  5.5339E+02  1.6993E+01  1.5553E+01  1.4403E+00  1.1862E+00
  3.2000E+01  4.7137E+01  5.5339E+02  8.5125E+00  1.1820E+01 -3.3071E+00 -6.2066E-01
  3.2000E+01  4.7137E+01  5.5339E+02  6.1176E+00  8.9812E+00 -2.8636E+00 -5.8511E-01
  3.2000E+01  4.7137E+01  5.5339E+02  4.8748E+00  6.8245E+00 -1.9497E+00 -3.9014E-01
  3.2000E+01  4.7137E+01  5.5339E+02  4.6135E+00  5.1857E+00 -5.7219E-01 -6.3453E-02
  3.2000E+01  4.7137E+01  5.5339E+02  3.4718E+00  3.9404E+00 -4.6861E-01 -7.1792E-02
  3.3000E+01  4.7643E+01  9.3154E+02  0.0000E+00  0.0000E+00  0.0000E+00  0.0000E+00
  3.3000E+01  4.7643E+01  9.3154E+02 -9.3861E-01  0.0000E+00 -9.3861E-01 -2.2699E-01
  3.3000E+01  4.7643E+01  9.3154E+02  1.8521E+00  9.3288E+00 -7.4767E+00 -9.1028E-01
  3.3000E+01  4.7643E+01  9.3154E+02  6.3132E+00  1.4356E+01 -8.0429E+00 -4.1654E-01
  3.3000E+01  4.7643E+01  9.3154E+02  7.0153E+00  1.6973E+01 -9.9575E+00 -6.9462E-01
  3.3000E+01  4.7643E+01  9.3154E+02  8.8027E+00  1.8240E+01 -9.4377E+00 -3.3202E-01
  3.3000E+01  4.7643E+01  9.3154E+02  8.9689E+00  1.8755E+01 -9.7863E+00 -4.1306E-01
  3.3000E+01  4.7643E+01  9.3154E+02  8.7293E+00  1.8852E+01 -1.0122E+01 -5.6622E-01
  3.3000E+01  4.7643E+01  9.3154E+02  1.1263E+01  1.8718E+01 -7.4546E+00  3.6466E-01
  3.3000E+01  4.7643E+01  9.3154E+02  8.1273E+00  1.8458E+01 -1.0331E+01 -7.9748E-01
  3.3000E+01  4.7643E+01  9.3154E+02  1.1378E+01  1.8133E+01 -6.7549E+00  4.2683E-01
  3.3000E+01  4.7643E+01  9.3154E+02  8.3773E+00  1.7774E+01 -9.3971E+00 -6.4627E-01
  3.3000E+01  4.7643E+01  9.3154E+02  9.0420E+00  1.7401E+01 -8.3593E+00 -3.6848E-01
  3.3000E+01  4.7643E+01  9.3154E+02  7.2758E+00  1.7024E+01 -9.7481E+00 -9.6424E-01
  3.3000E+01  4.7643E+01  9.3154E+02  7.8119E+00  1.5553E+01 -7.7408E+00 -6.0416E-01
  3.3000E+01  4.7643E+01  9.3154E+02  9.6615E+00  1.1820E+01 -2.1581E+00  4.2657E-01
  3.3000E+01  4.7643E+01  9.3154E+02  5.2489E+00  8.9812E+00 -3.7323E+00 -5.3520E-01
  3.3000E+01  4.7643E+01  9.3154E+02  3.4234E+00  6.8245E+00 -3.4011E+00 -7.0465E-01
  3.3000E+01  4.7643E+01  9.3154E+02  4.2412E+00  5.1857E+00 -9.4449E-01 -1.9199E-01
  3.3000E+01  4.7643E+01  9.3154E+02  3.5735E+00  3.9404E+00 -3.6691E-01 -1.3551E-01
  3.4000E+01  4.1481E+01  6.0396E+02  0.0000E+00  0.0000E+00  0.0000E+00  0.0000E+00
  3.4000E+01  4.1481E+01  6.0396E+02  1.2388E-01  0.0000E+00  1.2388E-01  2.9959E-02
  3.4000E+01  4.1481E+01  6.0396E+02  8.0261E+00  9.3288E+00 -1.3027E+00  1.9825E-01
  3.4000E+01  4.1481E+01  6.0396E+02  1.0579E+01  1.4356E+01 -3.7771E+00 -2.4270E-01
  3.4000E+01  4.1481E+01  6.0396E+02  1.0939E+01  1.6973E+01 -6.0338E+00 -8.7414E-01
  3.4000E+01  4.1481E+01  6.0396E+02  1.5004E+01  1.8240E+01 -3.2364E+00  2.0584E-01
  3.4000E+01  4.1481E+01  6.0396E+02  1.5191E+01  1.8755E+01 -3.5642E+00  1.0212E-01
  3.4000E+01  4.1481E+01  6.0396E+02  1.4960E+01  1.8852E+01 -3.8916E+00 -4.0778E-02
  3.4000E+01  4.1481E+01  6.0396E+02  1.5977E+01  1.8718E+01 -2.7406E+00  3.5028E-01
  3.4000E+01  4.1481E+01  6.0396E+02  1.3207E+01  1.8458E+01 -5.2513E+00 -6.3440E-01
  3.4000E+01  4.1481E+01  6.0396E+02  1.2856E+01  1.8133E+01 -5.2769E+00 -6.9189E-01
  3.4000E+01  4.1481E+01  6.0396E+02  1.4392E+01  1.7774E+01 -3.3824E+00 -4.7865E-02
  3.4000E+01  4.1481E+01  6.0396E+02  1.6188E+01  1.7401E+01 -1.2133E+00  6.8353E-01
  3.4000E+01  4.1481E+01  6.0396E+02  1.1270E+01  1.7024E+01 -5.7539E+00 -1.0023E+00
  3.4000E+01  4.1481E+01  6.0396E+02  1.1940E+01  1.5553E+01 -3.6127E+00 -4.1406E-01
  3.4000E+01  4.1481E+01  6.0396E+02  1.0470E+01  1.1820E+01 -1.3496E+00 -5.1310E-02
  3.4000E+01  4.1481E+01  6.0396E+02  1.0209E+01  8.9812E+00  1.2278E+00  4.8290E-01
  3.4000E+01  4.1481E+01  6.0396E+02  6.1807E+00  6.8245E+00 -6.4381E-01 -1.8966E-01
  3.4000E+01  4.1481E+01  6.0396E+02  3.8115E+00  5.1857E+00 -1.3742E+00 -4.4890E-01
  3.4000E+01  4.1481E+01  6.0396E+02  6.3227E+00  3.9404E+00  2.3823E+00  5.1136E-01
  3.5000E+01  6.7037E+01  3.2692E+02  0.0000E+00  0.0000E+00  0.0000E+00  0.0000E+00
  3.5000E+01  6.7037E+01  3.2692E+02  8.1160E-01  0.0000E+00  8.1160E-01  1.9627E-01
  3.5000E+01  6.7037E+01  3.2692E+02  1.2032E+01  9.3288E+00  2.7032E+00  1.7033E-01
  3.5000E+01  6.7037E+01  3.2692E+02  1.8392E+01  1.4356E+01  4.0359E+00  2.6949E-01
  3.5000E+01  6.7037E+01  3.2692E+02  2.2469E+01  1.6973E+01  5.4962E+00  6.3960E-01
  3.5000E+01  6.7037E+01  3.2692E+02  2.7565E+01  1.8240E+01  9.3246E+00  2.0313E+00
  3.5000E+01  6.7037E+01  3.2692E+02  2.4711E+01  1.8755E+01  5.9558E+00  8.3584E-01
  3.5000E+01  6.7037E+01  3.2692E+02  2.2949E+01  1.8852E+01  4.0974E+00  2.1556E-01
  3.5000E+01  6.7037E+01  3.2692E+02  2.2404E+01  1.8718E+01  3.6864E+00  1.5516E-01
  3.5000E+01  6.7037E+01  3.2692E+02  2.3093E+01  1.8458E+01  4.6347E+00  6.0888E-01
  3.5000E+01  6.7037E+01  3.2692E+02  2.2574E+01  1.8133E+01  4.4411E+00  6.3660E-01
  3.5000E+01  6.7037E+01  3.2692E+02  1.5325E+01  1.7774E+01 -2.4494E+00 -1.7837E+00
  3.5000E+01  6.7037E+01  3.2692E+02  1.9093E+01  1.7401E+01  1.6917E+00 -1.6925E-01
  3.5000E+01  6.7037E+01  3.2692E+02  1.4554E+01  1.7024E+01 -2.4699E+00 -1.5635E+00
  3.5000E+01  6.7037E+01  3.2692E+02  1.4750E+01  1.5553E+01 -8.0270E-01 -6.0001E-01
  3.5000E+01  6.7037E+01  3.2692E+02  9.6497E+00  1.1820E+01 -2.1699E+00 -3.5391E-01
  3.5000E+01  6.7037E+01  3.2692E+02  2.5588E+00  8.9812E+00 -6.4224E+00 -1.2728E+00
  3.5000E+01  6.7037E+01  3.2692E+02  3.3053E+00  6.8245E+00 -3.5192E+00 -2.7585E-01
  3.5000E+01  6.7037E+01  3.2692E+02  3.1394E+00  5.1857E+00 -2.0463E+00  1.5830E-01
  3.5000E+01  6.7037E+01  3.2692E+02  1.0777E+00  3.9404E+00 -2.8627E+00 -8.4159E-02
  3.6000E+01  3.2818E+01  7.1487E+02  0.0000E+00  0.0000E+00  0.0000E+00  0.0000E+00
  3.6000E+01  3.2818E+01  7.1487E+02  2.8034E-01  0.0000E+00  2.8034E-01  6.7796E-02
  3.6000E+01  3.2818E+01  7.1487E+02  4.4857E+00  9.3288E+00 -4.8431E+00 -5.0705E-01
  3.6000E+01  3.2818E+01  7.1487E+02  5.8377E+00  1.4356E+01 -8.5184E+00 -1.2392E+00
  3.6000E+01  3.2818E+01  7.1487E+02  8.4950E+00  1.6973E+01 -8.4778E+00 -1.0281E+00
  3.6000E+01  3.2818E+01  7.1487E+02  1.2838E+01  1.8240E+01 -5.4024E+00  1.7658E-01
  3.6000E+01  3.2818E+01  7.1487E+02  9.6088E+00  1.8755E+01 -9.1464E+00 -1.2162E+00
  3.6000E+01  3.2818E+01  7.1487E+02  1.4801E+01  1.8852E+01 -4.0506E+00  6.3802E-01
  3.6000E+01  3.2818E+01  7.1487E+02  1.6512E+01  1.8718E+01 -2.2056E+00  1.2432E+00
  3.6000E+01  3.2818E+01  7.1487E+02  1.5501E+01  1.8458E+01 -2.9573E+00  8.5839E-01
  3.6000E+01  3.2818E+01  7.1487E+02  1.1642E+01  1.8133E+01 -6.4909E+00 -5.5426E-01
  3.6000E+01  3.2818E+01  7.1487E+02  1.2915E+01  1.7774E+01 -4.8594E+00 -5.6723E-02
  3.6000E+01  3.2818E+01  7.1487E+02  8.8827E+00  1.7401E+01 -8.5186E+00 -1.4816E+00
  3.6000E+01  3.2818E+01  7.1487E+02  1.2124E+01  1.7024E+01 -4.8999E+00 -2.6904E-01
  3.6000E+01  3.2818E+01  7.1487E+02  9.9651E+00  1.5553E+01 -5.5876E+00 -8.4412E-01
  3.6000E+01  3.2818E+01  7.1487E+02  1.2196E+01  1.1820E+01  3.7643E-01  4.1152E-01
  3.6000E+01  3.2818E+01  7.1487E+02  1.0926E+01  8.9812E+00  1.9448E+00  4.6437E-01
  3.6000E+01  3.2818E+01  7.1487E+02  8.1208E+00  6.8245E+00  1.2963E+00  6.3268E-02
  3.6000E+01  3.2818E+01  7.1487E+02  7.9105E+00  5.1857E+00  2.7248E+00  3.5313E-01
  3.6000E+01  3.2818E+01  7.1487E+02  7.1146E+00  3.9404E+00  3.1742E+00  4.3208E-01
  3.7000E+01  2.9379E+01  5.5620E+02  0.0000E+00  0.0000E+00  0.0000E+00  0.0000E+00
  3.7000E+01  2.9379E+01  5.5620E+02  5.4183E-01  0.0000E+00  5.4183E-01  1.3103E-01
  3.7000E+01  2.9379E+01  5.5620E+02  8.4127E+00  9.3288E+00 -9.1614E-01  1.4608E-01
  3.7000E+01  2.9379E+01  5.5620E+02  1.3780E+01  1.4356E+01 -5.7612E-01  5.2096E-01
  3.7000E+01  2.9379E+01  5.5620E+02  1.5235E+01  1.6973E+01 -1.7378E+00  2.5624E-01
  3.7000E+01  2.9379E+01  5.5620E+02  1.4094E+01  1.8240E+01 -4.1464E+00 -5.9419E-01
  3.7000E+01  2.9379E+01  5.5620E+02  1.7997E+01  1.8755E+01 -7.5820E-01  6.4217E-01
  3.7000E+01  2.9379E+01  5.5620E+02  1.7881E+01  1.8852E+01 -9.7065E-01  5.1654E-01
  3.7000E+01  2.9379E+01  5.5620E+02  1.2514E+01  1.8718E+01 -6.2036E+00 -1.5039E+00
  3.7000E+01  2.9379E+01  5.5620E+02  1.3030E+01  1.8458E+01 -5.4283E+00 -1.2731E+00
  3.7000E+01  2.9379E+01  5.5620E+02  1.7938E+01  1.8133E+01 -1.9487E-01  5.9846E-01
  3.7000E+01  2.9379E+01  5.5620E+02  1.7317E+01  1.7774E+01 -4.5739E-01  4.2980E-01
  3.7000E+01  2.9379E+01  5.5620E+02  1.5202E+01  1.7401E+01 -2.1993E+00 -2.6966E-01
  3.7000E+01  2.9379E+01  5.5620E+02  1.3130E+01  1.7024E+01 -3.8939E+00 -9.3660E-01
  3.7000E+01  2.9379E+01  5.5620E+02  1.4758E+01  1.5553E+01 -7.9470E-01 -4.9856E-02
  3.7000E+01  2.9379E+01  5.5620E+02  1.5875E+01  1.1820E+01  4.0554E+00  1.0661E+00
  3.7000E+01  2.9379E+01  5.5620E+02  1.1659E+01  8.9812E+00  2.6778E+00  3.9106E-01
  3.7000E+01  2.9379E+01  5.5620E+02  9.4002E+00  6.8245E+00  2.5757E+00  2.5881E-01
  3.7000E+01  2.9379E+01  5.5620E+02  7.8941E+00  5.1857E+00  2.7084E+00  2.6520E-01
  3.7000E+01  2.9379E+01  5.5620E+02  9.6308E+00  3.9404E+00  5.6904E+00  1.0538E+00
  3.8000E+01  4.6181E+01  7.4382E+02  0.0000E+00  0.0000E+00  0.0000E+00  0.0000E+00
  3.8000E+01  4.6181E+01  7.4382E+02 -4.0024E-01  0.0000E+00 -4.0024E-01 -9.6792E-02
  3.8000E+01  4.6181E+01  7.4382E+02  6.7693E+00  9.3288E+00 -2.5595E+00  1.6931E-01
  3.8000E+01  4.6181E+01  7.4382E+02  1.0703E+01  1.4356E+01 -3.6531E+00  3.9825E-01
  3.8000E+01  4.6181E+01  7.4382E+02  8.8319E+00  1.6973E+01 -8.1409E+00 -8.6139E-01
  3.8000E+01  4.6181E+01  7.4382E+02  8.2934E+00  1.8240E+01 -9.9470E+00 -1.4162E+00
  3.8000E+01  4.6181E+01  7.4382E+02  1.4794E+01  1.8755E+01 -3.9612E+00  8.4059E-01
  3.8000E+01  4.6181E+01  7.4382E+02  1.4877E+01  1.8852E+01 -3.9746E+00  8.2158E-01
  3.8000E+01  4.6181E+01  7.4382E+02  1.3593E+01  1.8718E+01 -5.1246E+00  3.4139E-01
  3.8000E+01  4.6181E+01  7.4382E+02  9.6101E+00  1.8458E+01 -8.8482E+00 -1.1083E+00
  3.8000E+01  4.6181E+01  7.4382E+02  1.2827E+01  1.8133E+01 -5.3059E+00  1.3615E-01
  3.8000E+01  4.6181E+01  7.4382E+02  1.2794E+01  1.7774E+01 -4.9804E+00  1.8069E-01
  3.8000E+01  4.6181E+01  7.4382E+02  6.9577E+00  1.7401E+01 -1.0444E+01 -1.8706E+00
  3.8000E+01  4.6181E+01  7.4382E+02  9.6546E+00  1.7024E+01 -7.3693E+00 -8.2270E-01
  3.8000E+01  4.6181E+01  7.4382E+02  1.0004E+01  1.5553E+01 -5.5487E+00 -4.2377E-01
  3.8000E+01  4.6181E+01  7.4382E+02  6.1189E+00  1.1820E+01 -5.7007E+00 -9.8149E-01
  3.8000E+01  4.6181E+01  7.4382E+02  8.4987E+00  8.9812E+00 -4.8255E-01  2.7481E-01
  3.8000E+01  4.6181E+01  7.4382E+02  4.8899E+00  6.8245E+00 -1.9346E+00 -3.4906E-01
  3.8000E+01  4.6181E+01  7.4382E+02  6.4896E+00  5.1857E+00  1.3039E+00  4.0895E-01
  3.8000E+01  4.6181E+01  7.4382E+02  4.6586E+00  3.9404E+00  7.1819E-01  1.7222E-01
  3.9000E+01  3.3785E+01  3.3501E+02  0.0000E+00  0.0000E+00  0.0000E+00  0.0000E+00
  3.9000E+01  3.3785E+01  3.3501E+02  1.4333E+00  0.0000E+00  1.4333E+00  3.4662E-01
  3.9000E+01  3.3785E+01  3.3501E+02  1.0420E+01  9.3288E+00  1.0912E+00 -6.6457E-01
  3.9000E+01  3.3785E+01  3.3501E+02  1.9124E+01  1.4356E+01  4.7679E+00 -1.3886E-01
  3.9000E+01  3.3785E+01  3.3501E+02  2.1561E+01  1.6973E+01  4.5882E+00 -5.4619E-01
  3.9000E+01  3.3785E+01  3.3501E+02  2.4694E+01  1.8240E+01  6.4536E+00 -3.1906E-02
  3.9000E+01  3.3785E+01  3.3501E+02  2.5208E+01  1.8755E+01  6.4528E+00 -7.8841E-02
  3.9000E+01  3.3785E+01  3.3501E+02  3.3445E+01  1.8852E+01  1.4593E+01  2.9896E+00
  3.9000E+01  3.3785E+01  3.3501E+02  2.1875E+01  1.8718E+01  3.1574E+00 -1.2492E+00
  3.9000E+01  3.3785E+01  3.3501E+02  2.4767E+01  1.8458E+01  6.3087E+00 -5.1635E-03
  3.9000E+01  3.3785E+01  3.3501E+02  2.8667E+01  1.8133E+01  1.0534E+01  1.6252E+00
  3.9000E+01  3.3785E+01  3.3501E+02  3.2780E+01  1.7774E+01  1.5006E+01  3.3191E+00
  3.9000E+01  3.3785E+01  3.3501E+02  2.1074E+01  1.7401E+01  3.6727E+00 -7.3723E-01
  3.9000E+01  3.3785E+01  3.3501E+02  1.6422E+01  1.7024E+01 -6.0194E-01 -2.1873E+00
  3.9000E+01  3.3785E+01  3.3501E+02  2.3942E+01  1.5553E+01  8.3893E+00  1.2648E+00
  3.9000E+01  3.3785E+01  3.3501E+02  1.5698E+01  1.1820E+01  3.8784E+00  3.0814E-01
  3.9000E+01  3.3785E+01  3.3501E+02  1.2305E+01  8.9812E+00  3.3238E+00  4.8027E-01
  3.9000E+01  3.3785E+01  3.3501E+02  6.6410E+00  6.8245E+00 -1.8351E-01 -2.9949E-01
  3.9000E+01  3.3785E+01  3.3501E+02  6.3535E+00  5.1857E+00  1.1678E+00  2.0985E-01
  3.9000E+01  3.3785E+01  3.3501E+02  4.5520E+00  3.9404E+00  6.1159E-01  1.4046E-01
  4.0000E+01  3.5361E+01  3.0958E+02  0.0000E+00  0.0000E+00  0.0000E+00  0.0000E+00
  4.0000E+01  3.5361E+01  3.0958E+02 -9.1684E-01  0.0000E+00 -9.1684E-01 -2.2172E-01
  4.0000E+01  3.5361E+01  3.0958E+02  1.2425E+01  9.3288E+00  3.0962E+00 -2.3357E-01
  4.0000E+01  3.5361E+01  3.0958E+02  2.1081E+01  1.4356E+01  6.7249E+00  2.3548E-01
  4.0000E+01  3.5361E+01  3.0958E+02  2.3132E+01  1.6973E+01  6.1592E+00 -3.3128E-01
  4.0000E+01  3.5361E+01  3.0958E+02  2.8249E+01  1.8240E+01  1.0009E+01  9.0396E-01
  4.0000E+01  3.5361E+01  3.0958E+02  3.1272E+01  1.8755E+01  1.2517E+01  1.8097E+00
  4.0000E+01  3.5361E+01  3.0958E+02  2.4474E+01  1.8852E+01  5.6224E+00 -7.4481E-01
  4.0000E+01  3.5361E+01  3.0958E+02  2.8331E+01  1.8718E+01  9.6134E+00  8.1414E-01
  4.0000E+01  3.5361E+01  3.0958E+02  2.7141E+01  1.8458E+01  8.6827E+00  5.4617E-01
  4.0000E+01  3.5361E+01  3.0958E+02  2.7214E+01  1.8133E+01  9.0811E+00  7.8045E-01
  4.0000E+01  3.5361E+01  3.0958E+02  2.4786E+01  1.7774E+01  7.0116E+00  1.1208E-01
  4.0000E+01  3.5361E+01  3.0958E+02  2.7226E+01  1.7401E+01  9.8247E+00  1.2232E+00
  4.0000E+01  3.5361E+01  3.0958E+02  2.0500E+01  1.7024E+01  3.4761E+00 -9.7076E-01
  4.0000E+01  3.5361E+01  3.0958E+02  1.9212E+01  1.5553E+01  3.6593E+00 -5.3742E-01
  4.0000E+01  3.5361E+01  3.0958E+02  2.0613E+01  1.1820E+01  8.7934E+00  1.8197E+00
  4.0000E+01  3.5361E+01  3.0958E+02  7.2206E+00  8.9812E+00 -1.7606E+00 -9.6857E-01
  4.0000E+01  3.5361E+01  3.0958E+02  7.5401E+00  6.8245E+00  7.1559E-01  2.2381E-02
  4.0000E+01  3.5361E+01  3.0958E+02  7.1073E+00  5.1857E+00  1.9216E+00  4.9570E-01
  4.0000E+01  3.5361E+01  3.0958E+02  5.4313E+00  3.9404E+00  1.4909E+00  4.5493E-01
