TABLE NO.  2
 ID          CL          V           DV          PRED        RES         WRES
  1.0000E+00  3.2876E+01  4.6299E+02  1.2161E+00  0.0000E+00  1.2161E+00  2.9376E-01
  1.0000E+00  3.2876E+01  4.6299E+02  1.2565E+01  0.0000E+00  1.2565E+01  3.0352E+00
  1.0000E+00  3.2876E+01  4.6299E+02  1.1218E+01  0.0000E+00  1.1218E+01  2.7098E+00
  1.0000E+00  3.2876E+01  4.6299E+02  1.7709E+01  0.0000E+00  1.7709E+01  4.2777E+00
  1.0000E+00  3.2876E+01  4.6299E+02  2.1925E+01  0.0000E+00  2.1925E+01  5.2961E+00
  1.0000E+00  3.2876E+01  4.6299E+02  1.6205E+01  0.0000E+00  1.6205E+01  3.9144E+00
  1.0000E+00  3.2876E+01  4.6299E+02  1.8692E+01  0.0000E+00  1.8692E+01  4.5152E+00
  1.0000E+00  3.2876E+01  4.6299E+02  2.3788E+01  0.0000E+00  2.3788E+01  5.7462E+00
  1.0000E+00  3.2876E+01  4.6299E+02  1.6475E+01  0.0000E+00  1.6475E+01  3.9797E+00
  1.0000E+00  3.2876E+01  4.6299E+02  1.7346E+01  0.0000E+00  1.7346E+01  4.1900E+00
  1.0000E+00  3.2876E+01  4.6299E+02  1.8373E+01  0.0000E+00  1.8373E+01  4.4381E+00
  1.0000E+00  3.2876E+01  4.6299E+02  1.8252E+01  0.0000E+00  1.8252E+01  4.4089E+00
  1.0000E+00  3.2876E+01  4.6299E+02  1.8359E+01  0.0000E+00  1.8359E+01  4.4347E+00
  1.0000E+00  3.2876E+01  4.6299E+02  1.3057E+01  0.0000E+00  1.3057E+01  3.1540E+00
  1.0000E+00  3.2876E+01  4.6299E+02  1.5134E+01  0.0000E+00  1.5134E+01  3.6557E+00
  1.0000E+00  3.2876E+01  4.6299E+02  8.4486E+00  0.0000E+00  8.4486E+00  2.0408E+00
  1.0000E+00  3.2876E+01  4.6299E+02  1.0985E+01  0.0000E+00  1.0985E+01  2.6535E+00
  1.0000E+00  3.2876E+01  4.6299E+02  5.7362E+00  0.0000E+00  5.7362E+00  1.3856E+00
  1.0000E+00  3.2876E+01  4.6299E+02  8.4208E+00  0.0000E+00  8.4208E+00  2.0341E+00
  2.0000E+00  3.7432E+01  5.4983E+02  0.0000E+00  0.0000E+00  0.0000E+00  0.0000E+00
  2.0000E+00  3.7432E+01  5.4983E+02  1.1076E+00  0.0000E+00  1.1076E+00  2.6755E-01
  2.0000E+00  3.7432E+01  5.4983E+02  1.0152E+01  9.3892E+00  7.6279E-01  6.3511E-01
  2.0000E+00  3.7432E+01  5.4983E+02  1.1842E+01  1.4492E+01 -2.6499E+00 -1.6094E-01
  2.0000E+00  3.7432E+01  5.4983E+02  1.3557E+01  1.7193E+01 -3.6357E+00 -3.7876E-01
  2.0000E+00  3.7432E+01  5.4983E+02  1.2662E+01  1.8549E+01 -5.8866E+00 -1.1538E+00
  2.0000E+00  3.7432E+01  5.4983E+02  1.5854E+01  1.9153E+01 -3.2988E+00 -1.6801E-01
  2.0000E+00  3.7432E+01  5.4983E+02  1.5432E+01  1.9338E+01 -3.9061E+00 -3.9455E-01
  2.0000E+00  3.7432E+01  5.4983E+02  1.7372E+01  1.9291E+01 -1.9190E+00  3.4984E-01
  2.0000E+00  3.7432E+01  5.4983E+02  1.9629E+01  1.9116E+01  5.1287E-01  1.2499E+00
  2.0000E+00  3.7432E+01  5.4983E+02  1.7099E+01  1.8872E+01 -1.7733E+00  3.6371E-01
  2.0000E+00  3.7432E+01  5.4983E+02  1.4025E+01  1.8592E+01 -4.5672E+00 -7.0253E-01
  2.0000E+00  3.7432E+01  5.4983E+02  1.4696E+01  1.8294E+01 -3.5984E+00 -3.6209E-01
  2.0000E+00  3.7432E+01  5.4983E+02  1.5417E+01  1.7989E+01 -2.5721E+00 -5.9196E-03
  2.0000E+00  3.7432E+01  5.4983E+02  1.3979E+01  1.6775E+01 -2.7961E+00 -1.7344E-01
  2.0000E+00  3.7432E+01  5.4983E+02  9.3259E+00  1.3561E+01 -4.2351E+00 -8.3737E-01
  2.0000E+00  3.7432E+01  5.4983E+02  6.8900E+00  1.0961E+01 -4.0712E+00 -8.8114E-01
  2.0000E+00  3.7432E+01  5.4983E+02  5.2125E+00  8.8599E+00 -3.6474E+00 -8.1838E-01
  2.0000E+00  3.7432E+01  5.4983E+02  4.1558E+00  7.1614E+00 -3.0056E+00 -6.8099E-01
  2.0000E+00  3.7432E+01  5.4983E+02  3.2563E+00  5.7885E+00 -2.5322E+00 -5.8434E-01
  3.0000E+00  2.7675E+01  3.6179E+02  0.0000E+00  0.0000E+00  0.0000E+00  0.0000E+00
  3.0000E+00  2.7675E+01  3.6179E+02 -7.3757E-02  0.0000E+00 -7.3757E-02 -1.7817E-02
  3.0000E+00  2.7675E+01  3.6179E+02  9.3116E+00  9.3895E+00 -7.7878E-02 -7.0682E-01
  3.0000E+00  2.7675E+01  3.6179E+02  2.0167E+01  1.4493E+01  5.6742E+00  6.8957E-01
  3.0000E+00  2.7675E+01  3.6179E+02  2.1678E+01  1.7194E+01  4.4836E+00  7.6077E-02
  3.0000E+00  2.7675E+01  3.6179E+02  2.4841E+01  1.8551E+01  6.2898E+00  6.3366E-01
  3.0000E+00  2.7675E+01  3.6179E+02  2.1191E+01  1.9156E+01  2.0346E+00 -1.0011E+00
  3.0000E+00  2.7675E+01  3.6179E+02  2.2233E+01  1.9343E+01  2.8904E+00 -6.8081E-01
  3.0000E+00  2.7675E+01  3.6179E+02  2.5764E+01  1.9296E+01  6.4676E+00  7.0083E-01
  3.0000E+00  2.7675E+01  3.6179E+02  2.6171E+01  1.9122E+01  7.0485E+00  9.5463E-01
  3.0000E+00  2.7675E+01  3.6179E+02  2.6855E+01  1.8879E+01  7.9755E+00  1.3403E+00
  3.0000E+00  2.7675E+01  3.6179E+02  2.4440E+01  1.8600E+01  5.8397E+00  5.8088E-01
  3.0000E+00  2.7675E+01  3.6179E+02  2.2379E+01  1.8303E+01  4.0757E+00 -2.9179E-02
  3.0000E+00  2.7675E+01  3.6179E+02  1.9932E+01  1.7999E+01  1.9333E+00 -7.6874E-01
  3.0000E+00  2.7675E+01  3.6179E+02  2.1774E+01  1.6788E+01  4.9863E+00  5.1472E-01
  3.0000E+00  2.7675E+01  3.6179E+02  1.7953E+01  1.3580E+01  4.3733E+00  6.6755E-01
  3.0000E+00  2.7675E+01  3.6179E+02  1.2802E+01  1.0983E+01  1.8187E+00  1.0815E-01
  3.0000E+00  2.7675E+01  3.6179E+02  1.1368E+01  8.8833E+00  2.4847E+00  4.7830E-01
  3.0000E+00  2.7675E+01  3.6179E+02  1.1672E+01  7.1849E+00  4.4871E+00  1.1442E+00
  3.0000E+00  2.7675E+01  3.6179E+02  7.5140E+00  5.8112E+00  1.7028E+00  4.3223E-01
  4.0000E+00  6.0419E+01  6.1331E+02  0.0000E+00  0.0000E+00  0.0000E+00  0.0000E+00
  4.0000E+00  6.0419E+01  6.1331E+02 -2.4017E-01  0.0000E+00 -2.4017E-01 -5.8015E-02
  4.0000E+00  6.0419E+01  6.1331E+02  8.3117E+00  9.3075E+00 -9.9575E-01  3.2110E-01
  4.0000E+00  6.0419E+01  6.1331E+02  1.2332E+01  1.4220E+01 -1.8884E+00  4.2583E-01
  4.0000E+00  6.0419E+01  6.1331E+02  9.5114E+00  1.6678E+01 -7.1667E+00 -1.2373E+00
  4.0000E+00  6.0419E+01  6.1331E+02  1.5384E+01  1.7768E+01 -2.3841E+00  5.1533E-01
  4.0000E+00  6.0419E+01  6.1331E+02  1.5128E+01  1.8101E+01 -2.9725E+00  2.8670E-01
  4.0000E+00  6.0419E+01  6.1331E+02  1.2791E+01  1.8017E+01 -5.2260E+00 -5.9482E-01
  4.0000E+00  6.0419E+01  6.1331E+02  1.1972E+01  1.7709E+01 -5.7372E+00 -8.4879E-01
  4.0000E+00  6.0419E+01  6.1331E+02  1.3333E+01  1.7284E+01 -3.9512E+00 -2.7561E-01
  4.0000E+00  6.0419E+01  6.1331E+02  1.3072E+01  1.6802E+01 -3.7298E+00 -2.7386E-01
  4.0000E+00  6.0419E+01  6.1331E+02  1.1469E+01  1.6295E+01 -4.8263E+00 -7.3398E-01
  4.0000E+00  6.0419E+01  6.1331E+02  1.1090E+01  1.5783E+01 -4.6931E+00 -7.5338E-01
  4.0000E+00  6.0419E+01  6.1331E+02  1.4601E+01  1.5275E+01 -6.7429E-01  5.6029E-01
  4.0000E+00  6.0419E+01  6.1331E+02  1.3715E+01  1.3363E+01  3.5199E-01  6.2987E-01
  4.0000E+00  6.0419E+01  6.1331E+02  1.0035E+01  8.9132E+00  1.1218E+00  3.8470E-01
  4.0000E+00  6.0419E+01  6.1331E+02  6.7983E+00  5.9442E+00  8.5412E-01  1.1671E-01
  4.0000E+00  6.0419E+01  6.1331E+02  3.0324E+00  3.9641E+00 -9.3174E-01 -4.1385E-01
  4.0000E+00  6.0419E+01  6.1331E+02  3.8927E+00  2.6437E+00  1.2490E+00  1.4619E-01
  4.0000E+00  6.0419E+01  6.1331E+02  3.8535E+00  1.7631E+00  2.0904E+00  3.7011E-01
  5.0000E+00  2.7210E+01  4.3151E+02  0.0000E+00  0.0000E+00  0.0000E+00  0.0000E+00
  5.0000E+00  2.7210E+01  4.3151E+02  5.3430E-01  0.0000E+00  5.3430E-01  1.2906E-01
  5.0000E+00  2.7210E+01  4.3151E+02  8.8596E+00  9.3891E+00 -5.2950E-01 -3.6381E-01
  5.0000E+00  2.7210E+01  4.3151E+02  1.4427E+01  1.4492E+01 -6.4588E-02 -3.8914E-01
  5.0000E+00  2.7210E+01  4.3151E+02  1.6130E+01  1.7192E+01 -1.0620E+00 -8.5187E-01
  5.0000E+00  2.7210E+01  4.3151E+02  2.4238E+01  1.8548E+01  5.6904E+00  1.5764E+00
  5.0000E+00  2.7210E+01  4.3151E+02  1.5178E+01  1.9151E+01 -3.9734E+00 -2.0623E+00
  5.0000E+00  2.7210E+01  4.3151E+02  2.2489E+01  1.9336E+01  3.1527E+00  6.1942E-01
  5.0000E+00  2.7210E+01  4.3151E+02  2.4514E+01  1.9289E+01  5.2252E+00  1.4027E+00
  5.0000E+00  2.7210E+01  4.3151E+02  2.2087E+01  1.9114E+01  2.9734E+00  5.4859E-01
  5.0000E+00  2.7210E+01  4.3151E+02  1.8739E+01  1.8869E+01 -1.3042E-01 -6.1542E-01
  5.0000E+00  2.7210E+01  4.3151E+02  1.5653E+01  1.8589E+01 -2.9360E+00 -1.6512E+00
  5.0000E+00  2.7210E+01  4.3151E+02  2.1381E+01  1.8291E+01  3.0901E+00  5.9577E-01
  5.0000E+00  2.7210E+01  4.3151E+02  2.2030E+01  1.7985E+01  4.0447E+00  9.4768E-01
  5.0000E+00  2.7210E+01  4.3151E+02  2.0821E+01  1.6770E+01  4.0508E+00  9.4626E-01
  5.0000E+00  2.7210E+01  4.3151E+02  1.6266E+01  1.3554E+01  2.7124E+00  5.0242E-01
  5.0000E+00  2.7210E+01  4.3151E+02  1.2420E+01  1.0953E+01  1.4674E+00  1.4712E-01
  5.0000E+00  2.7210E+01  4.3151E+02  1.3299E+01  8.8507E+00  4.4483E+00  1.0580E+00
  5.0000E+00  2.7210E+01  4.3151E+02  1.0335E+01  7.1522E+00  3.1828E+00  7.0128E-01
  5.0000E+00  2.7210E+01  4.3151E+02  9.3872E+00  5.7797E+00  3.6075E+00  8.2756E-01
  6.0000E+00  7.0904E+01  2.5402E+02  0.0000E+00  0.0000E+00  0.0000E+00  0.0000E+00
  6.0000E+00  7.0904E+01  2.5402E+02  2.9626E-01  0.0000E+00  2.9626E-01  7.1564E-02
  6.0000E+00  7.0904E+01  2.5402E+02  1.4315E+01  9.3069E+00  5.0081E+00  3.0545E-02
  6.0000E+00  7.0904E+01  2.5402E+02  2.7738E+01  1.4219E+01  1.3519E+01  2.0108E+00
  6.0000E+00  7.0904E+01  2.5402E+02  3.0663E+01  1.6675E+01  1.3988E+01  1.9145E+00
  6.0000E+00  7.0904E+01  2.5402E+02  2.8684E+01  1.7763E+01  1.0921E+01  7.4739E-01
  6.0000E+00  7.0904E+01  2.5402E+02  2.4885E+01  1.8094E+01  6.7911E+00 -7.0843E-01
  6.0000E+00  7.0904E+01  2.5402E+02  3.2096E+01  1.8009E+01  1.4087E+01  2.1075E+00
  6.0000E+00  7.0904E+01  2.5402E+02  2.7022E+01  1.7699E+01  9.3226E+00  5.3776E-01
  6.0000E+00  7.0904E+01  2.5402E+02  2.8394E+01  1.7273E+01  1.1121E+01  1.3756E+00
  6.0000E+00  7.0904E+01  2.5402E+02  1.9052E+01  1.6789E+01  2.2629E+00 -1.5945E+00
  6.0000E+00  7.0904E+01  2.5402E+02  2.4557E+01  1.6281E+01  8.2757E+00  7.2971E-01
  6.0000E+00  7.0904E+01  2.5402E+02  1.8485E+01  1.5768E+01  2.7170E+00 -1.0222E+00
  6.0000E+00  7.0904E+01  2.5402E+02  1.7830E+01  1.5259E+01  2.5709E+00 -8.8548E-01
  6.0000E+00  7.0904E+01  2.5402E+02  1.3155E+01  1.3343E+01 -1.8827E-01 -1.1639E+00
  6.0000E+00  7.0904E+01  2.5402E+02  8.4222E+00  8.8889E+00 -4.6670E-01 -1.5624E-01
  6.0000E+00  7.0904E+01  2.5402E+02  4.9649E+00  5.9205E+00 -9.5565E-01  1.1173E-01
  6.0000E+00  7.0904E+01  2.5402E+02 -3.1050E-01  3.9434E+00 -4.2539E+00 -6.3328E-01
  6.0000E+00  7.0904E+01  2.5402E+02  1.4111E+00  2.6266E+00 -1.2155E+00  1.5676E-01
  6.0000E+00  7.0904E+01  2.5402E+02  1.4164E+00  1.7495E+00 -3.3306E-01  3.2308E-01
  7.0000E+00  3.3183E+01  5.3378E+02  0.0000E+00  0.0000E+00  0.0000E+00  0.0000E+00
  7.0000E+00  3.3183E+01  5.3378E+02 -1.4391E+00  0.0000E+00 -1.4391E+00 -3.4762E-01
  7.0000E+00  3.3183E+01  5.3378E+02  8.5353E+00  9.3890E+00 -8.5365E-01  6.8680E-02
  7.0000E+00  3.3183E+01  5.3378E+02  1.3037E+01  1.4491E+01 -1.4541E+00  7.6661E-02
  7.0000E+00  3.3183E+01  5.3378E+02  1.1623E+01  1.7191E+01 -5.5680E+00 -1.2784E+00
  7.0000E+00  3.3183E+01  5.3378E+02  1.9103E+01  1.8546E+01  5.5692E-01  9.9528E-01
  7.0000E+00  3.3183E+01  5.3378E+02  2.2441E+01  1.9149E+01  3.2916E+00  2.0600E+00
  7.0000E+00  3.3183E+01  5.3378E+02  1.2201E+01  1.9334E+01 -7.1328E+00 -1.8854E+00
  7.0000E+00  3.3183E+01  5.3378E+02  1.8646E+01  1.9286E+01 -6.3976E-01  5.6256E-01
  7.0000E+00  3.3183E+01  5.3378E+02  1.6261E+01  1.9110E+01 -2.8491E+00 -2.9399E-01
  7.0000E+00  3.3183E+01  5.3378E+02  1.8519E+01  1.8865E+01 -3.4636E-01  6.2398E-01
  7.0000E+00  3.3183E+01  5.3378E+02  1.6067E+01  1.8584E+01 -2.5175E+00 -2.1345E-01
  7.0000E+00  3.3183E+01  5.3378E+02  1.3287E+01  1.8286E+01 -4.9989E+00 -1.1536E+00
  7.0000E+00  3.3183E+01  5.3378E+02  1.5586E+01  1.7980E+01 -2.3938E+00 -2.1295E-01
  7.0000E+00  3.3183E+01  5.3378E+02  1.4131E+01  1.6763E+01 -2.6321E+00 -3.8014E-01
  7.0000E+00  3.3183E+01  5.3378E+02  1.0141E+01  1.3543E+01 -3.4021E+00 -8.0110E-01
  7.0000E+00  3.3183E+01  5.3378E+02  8.8287E+00  1.0940E+01 -2.1115E+00 -4.8635E-01
  7.0000E+00  3.3183E+01  5.3378E+02  8.5356E+00  8.8376E+00 -3.0197E-01 -2.1004E-02
  7.0000E+00  3.3183E+01  5.3378E+02  1.0732E+01  7.1391E+00  3.5929E+00  1.0163E+00
  7.0000E+00  3.3183E+01  5.3378E+02  5.6827E+00  5.7670E+00 -8.4274E-02 -5.0527E-02
  8.0000E+00  5.9949E+01  6.8943E+02  0.0000E+00  0.0000E+00  0.0000E+00  0.0000E+00
  8.0000E+00  5.9949E+01  6.8943E+02 -1.4741E+00  0.0000E+00 -1.4741E+00 -3.5608E-01
  8.0000E+00  5.9949E+01  6.8943E+02  7.9728E+00  9.3071E+00 -1.3343E+00  4.4547E-01
  8.0000E+00  5.9949E+01  6.8943E+02  8.8496E+00  1.4219E+01 -5.3697E+00 -3.4370E-01
  8.0000E+00  5.9949E+01  6.8943E+02  1.3640E+01  1.6676E+01 -3.0360E+00  6.9093E-01
  8.0000E+00  5.9949E+01  6.8943E+02  1.0014E+01  1.7765E+01 -7.7511E+00 -9.3165E-01
  8.0000E+00  5.9949E+01  6.8943E+02  1.1450E+01  1.8096E+01 -6.6464E+00 -5.5881E-01
  8.0000E+00  5.9949E+01  6.8943E+02  1.2985E+01  1.8012E+01 -5.0269E+00 -3.7617E-02
  8.0000E+00  5.9949E+01  6.8943E+02  1.3505E+01  1.7703E+01 -4.1981E+00  1.6677E-01
  8.0000E+00  5.9949E+01  6.8943E+02  1.3047E+01  1.7277E+01 -4.2302E+00  4.6252E-02
  8.0000E+00  5.9949E+01  6.8943E+02  1.0564E+01  1.6794E+01 -6.2299E+00 -7.7459E-01
  8.0000E+00  5.9949E+01  6.8943E+02  1.2683E+01  1.6287E+01 -3.6036E+00  5.1287E-02
  8.0000E+00  5.9949E+01  6.8943E+02  8.6373E+00  1.5774E+01 -7.1364E+00 -1.2755E+00
  8.0000E+00  5.9949E+01  6.8943E+02  1.1059E+01  1.5265E+01 -4.2062E+00 -3.5310E-01
  8.0000E+00  5.9949E+01  6.8943E+02  8.8038E+00  1.3351E+01 -4.5470E+00 -7.7049E-01
  8.0000E+00  5.9949E+01  6.8943E+02  1.0215E+01  8.8981E+00  1.3169E+00  4.7147E-01
  8.0000E+00  5.9949E+01  6.8943E+02  9.1337E+00  5.9295E+00  3.2042E+00  7.2428E-01
  8.0000E+00  5.9949E+01  6.8943E+02  7.4354E+00  3.9513E+00  3.4841E+00  6.8673E-01
  8.0000E+00  5.9949E+01  6.8943E+02  2.7340E+00  2.6331E+00  1.0093E-01 -2.0277E-01
  8.0000E+00  5.9949E+01  6.8943E+02  3.1525E+00  1.7546E+00  1.3979E+00  1.4602E-01
  9.0000E+00  2.7019E+01  3.6095E+02  0.0000E+00  0.0000E+00  0.0000E+00  0.0000E+00
  9.0000E+00  2.7019E+01  3.6095E+02  8.7304E-01  0.0000E+00  8.7304E-01  2.1089E-01
  9.0000E+00  2.7019E+01  3.6095E+02  9.3326E+00  9.3893E+00 -5.6681E-02 -7.0038E-01
  9.0000E+00  2.7019E+01  3.6095E+02  1.8401E+01  1.4492E+01  3.9088E+00  1.0052E-01
  9.0000E+00  2.7019E+01  3.6095E+02  1.8791E+01  1.7193E+01  1.5979E+00 -9.5788E-01
  9.0000E+00  2.7019E+01  3.6095E+02  2.2161E+01  1.8549E+01  3.6117E+00 -3.6448E-01
  9.0000E+00  2.7019E+01  3.6095E+02  2.5832E+01  1.9154E+01  6.6782E+00  7.4224E-01
  9.0000E+00  2.7019E+01  3.6095E+02  2.7124E+01  1.9339E+01  7.7847E+00  1.1652E+00
  9.0000E+00  2.7019E+01  3.6095E+02  2.4099E+01  1.9292E+01  4.8066E+00  5.7760E-02
  9.0000E+00  2.7019E+01  3.6095E+02  2.5978E+01  1.9118E+01  6.8602E+00  8.6772E-01
  9.0000E+00  2.7019E+01  3.6095E+02  2.6581E+01  1.8874E+01  7.7068E+00  1.2213E+00
  9.0000E+00  2.7019E+01  3.6095E+02  2.0701E+01  1.8594E+01  2.1066E+00 -8.3059E-01
  9.0000E+00  2.7019E+01  3.6095E+02  2.3277E+01  1.8297E+01  4.9802E+00  2.8322E-01
  9.0000E+00  2.7019E+01  3.6095E+02  2.4942E+01  1.7992E+01  6.9504E+00  1.0485E+00
  9.0000E+00  2.7019E+01  3.6095E+02  1.9075E+01  1.6778E+01  2.2965E+00 -4.7253E-01
  9.0000E+00  2.7019E+01  3.6095E+02  1.4777E+01  1.3566E+01  1.2110E+00 -4.1007E-01
  9.0000E+00  2.7019E+01  3.6095E+02  1.6292E+01  1.0967E+01  5.3249E+00  1.1395E+00
  9.0000E+00  2.7019E+01  3.6095E+02  1.3662E+01  8.8662E+00  4.7958E+00  1.1079E+00
  9.0000E+00  2.7019E+01  3.6095E+02  1.3293E+01  7.1677E+00  6.1253E+00  1.5606E+00
  9.0000E+00  2.7019E+01  3.6095E+02  6.0762E+00  5.7946E+00  2.8162E-01  5.2547E-03
  1.0000E+01  5.6553E+01  6.3866E+02  0.0000E+00  0.0000E+00  0.0000E+00  0.0000E+00
  1.0000E+01  5.6553E+01  6.3866E+02 -3.7150E-01  0.0000E+00 -3.7150E-01 -8.9738E-02
  1.0000E+01  5.6553E+01  6.3866E+02  6.5295E+00  9.3076E+00 -2.7781E+00 -1.1805E-01
  1.0000E+01  5.6553E+01  6.3866E+02  4.7900E+00  1.4221E+01 -9.4309E+00 -1.9296E+00
  1.0000E+01  5.6553E+01  6.3866E+02  1.3608E+01  1.6679E+01 -3.0711E+00  3.7572E-01
  1.0000E+01  5.6553E+01  6.3866E+02  1.5042E+01  1.7770E+01 -2.7277E+00  5.6237E-01
  1.0000E+01  5.6553E+01  6.3866E+02  1.0515E+01  1.8103E+01 -7.5876E+00 -1.2455E+00
  1.0000E+01  5.6553E+01  6.3866E+02  1.7271E+01  1.8020E+01 -7.4864E-01  1.1944E+00
  1.0000E+01  5.6553E+01  6.3866E+02  1.2888E+01  1.7712E+01 -4.8243E+00 -3.8848E-01
  1.0000E+01  5.6553E+01  6.3866E+02  1.0862E+01  1.7288E+01 -6.4258E+00 -1.0587E+00
  1.0000E+01  5.6553E+01  6.3866E+02  1.1253E+01  1.6806E+01 -5.5528E+00 -8.3315E-01
  1.0000E+01  5.6553E+01  6.3866E+02  1.5143E+01  1.6300E+01 -1.1567E+00  6.2648E-01
  1.0000E+01  5.6553E+01  6.3866E+02  1.3918E+01  1.5788E+01 -1.8699E+00  2.8012E-01
  1.0000E+01  5.6553E+01  6.3866E+02  1.1673E+01  1.5280E+01 -3.6074E+00 -4.0387E-01
  1.0000E+01  5.6553E+01  6.3866E+02  1.4497E+01  1.3369E+01  1.1278E+00  8.7308E-01
  1.0000E+01  5.6553E+01  6.3866E+02  8.3015E+00  8.9209E+00 -6.1938E-01 -2.0402E-01
  1.0000E+01  5.6553E+01  6.3866E+02  7.3889E+00  5.9516E+00  1.4373E+00  1.8177E-01
  1.0000E+01  5.6553E+01  6.3866E+02  6.0079E+00  3.9707E+00  2.0372E+00  2.7478E-01
  1.0000E+01  5.6553E+01  6.3866E+02  6.8062E+00  2.6491E+00  4.1571E+00  8.1114E-01
  1.0000E+01  5.6553E+01  6.3866E+02  5.6810E+00  1.7674E+00  3.9136E+00  7.6470E-01
  1.1000E+01  6.9346E+01  3.1306E+02  0.0000E+00  0.0000E+00  0.0000E+00  0.0000E+00
  1.1000E+01  6.9346E+01  3.1306E+02 -5.6842E-01  0.0000E+00 -5.6842E-01 -1.3731E-01
  1.1000E+01  6.9346E+01  3.1306E+02  1.4825E+01  9.3068E+00  5.5182E+00  7.3055E-01
  1.1000E+01  6.9346E+01  3.1306E+02  2.0806E+01  1.4218E+01  6.5877E+00  6.5824E-01
  1.1000E+01  6.9346E+01  3.1306E+02  2.2776E+01  1.6674E+01  6.1018E+00  2.9079E-01
  1.1000E+01  6.9346E+01  3.1306E+02  2.5909E+01  1.7762E+01  8.1467E+00  9.8041E-01
  1.1000E+01  6.9346E+01  3.1306E+02  2.6750E+01  1.8093E+01  8.6573E+00  1.2165E+00
  1.1000E+01  6.9346E+01  3.1306E+02  2.2268E+01  1.8007E+01  4.2607E+00 -3.0546E-01
  1.1000E+01  6.9346E+01  3.1306E+02  2.1373E+01  1.7698E+01  3.6753E+00 -3.9926E-01
  1.1000E+01  6.9346E+01  3.1306E+02  2.2413E+01  1.7271E+01  5.1421E+00  2.5946E-01
  1.1000E+01  6.9346E+01  3.1306E+02  2.0015E+01  1.6787E+01  3.2281E+00 -2.9755E-01
  1.1000E+01  6.9346E+01  3.1306E+02  2.0055E+01  1.6279E+01  3.7761E+00  2.1975E-02
  1.1000E+01  6.9346E+01  3.1306E+02  2.1338E+01  1.5765E+01  5.5726E+00  7.6161E-01
  1.1000E+01  6.9346E+01  3.1306E+02  1.7573E+01  1.5256E+01  2.3167E+00 -2.5104E-01
  1.1000E+01  6.9346E+01  3.1306E+02  1.3612E+01  1.3340E+01  2.7214E-01 -5.3718E-01
  1.1000E+01  6.9346E+01  3.1306E+02  5.6619E+00  8.8847E+00 -3.2228E+00 -8.9307E-01
  1.1000E+01  6.9346E+01  3.1306E+02  8.5935E-01  5.9165E+00 -5.0571E+00 -1.0962E+00
  1.1000E+01  6.9346E+01  3.1306E+02  2.6520E+00  3.9399E+00 -1.2879E+00  4.0535E-03
  1.1000E+01  6.9346E+01  3.1306E+02  1.9017E+00  2.6236E+00 -7.2194E-01  1.3973E-01
  1.1000E+01  6.9346E+01  3.1306E+02  3.0592E-01  1.7471E+00 -1.4412E+00 -8.1792E-02
  1.2000E+01  3.4221E+01  6.0698E+02  0.0000E+00  0.0000E+00  0.0000E+00  0.0000E+00
  1.2000E+01  3.4221E+01  6.0698E+02  6.9916E-01  0.0000E+00  6.9916E-01  1.6889E-01
  1.2000E+01  3.4221E+01  6.0698E+02  7.5569E+00  9.3889E+00 -1.8320E+00  6.4372E-02
  1.2000E+01  3.4221E+01  6.0698E+02  1.1316E+01  1.4491E+01 -3.1748E+00  2.1877E-03
  1.2000E+01  3.4221E+01  6.0698E+02  1.1144E+01  1.7190E+01 -6.0464E+00 -8.1623E-01
  1.2000E+01  3.4221E+01  6.0698E+02  1.2664E+01  1.8545E+01 -5.8811E+00 -6.8811E-01
  1.2000E+01  3.4221E+01  6.0698E+02  1.3131E+01  1.9148E+01 -6.0171E+00 -7.1990E-01
  1.2000E+01  3.4221E+01  6.0698E+02  1.6421E+01  1.9332E+01 -2.9111E+00  4.4760E-01
  1.2000E+01  3.4221E+01  6.0698E+02  1.4409E+01  1.9284E+01 -4.8748E+00 -3.2401E-01
  1.2000E+01  3.4221E+01  6.0698E+02  1.6692E+01  1.9108E+01 -2.4158E+00  5.6779E-01
  1.2000E+01  3.4221E+01  6.0698E+02  1.5315E+01  1.8863E+01 -3.5477E+00  9.6530E-02
  1.2000E+01  3.4221E+01  6.0698E+02  1.4247E+01  1.8582E+01 -4.3346E+00 -2.4253E-01
  1.2000E+01  3.4221E+01  6.0698E+02  9.6188E+00  1.8283E+01 -8.6639E+00 -1.8870E+00
  1.2000E+01  3.4221E+01  6.0698E+02  1.6966E+01  1.7976E+01 -1.0103E+00  8.9011E-01
  1.2000E+01  3.4221E+01  6.0698E+02  1.4428E+01  1.6759E+01 -2.3306E+00  2.2590E-01
  1.2000E+01  3.4221E+01  6.0698E+02  1.0853E+01  1.3536E+01 -2.6833E+00 -2.8111E-01
  1.2000E+01  3.4221E+01  6.0698E+02  1.2252E+01  1.0932E+01  1.3198E+00  7.1790E-01
  1.2000E+01  3.4221E+01  6.0698E+02  7.5679E+00  8.8291E+00 -1.2612E+00 -2.3286E-01
  1.2000E+01  3.4221E+01  6.0698E+02  5.2946E+00  7.1306E+00 -1.8360E+00 -4.9095E-01
  1.2000E+01  3.4221E+01  6.0698E+02  1.4880E+00  5.7588E+00 -4.2708E+00 -1.2057E+00
  1.3000E+01  3.3137E+01  8.8351E+02  0.0000E+00  0.0000E+00  0.0000E+00  0.0000E+00
  1.3000E+01  3.3137E+01  8.8351E+02 -3.2042E-01  0.0000E+00 -3.2042E-01 -7.7400E-02
  1.3000E+01  3.3137E+01  8.8351E+02  6.7460E+00  9.3892E+00 -2.6432E+00  4.6921E-01
  1.3000E+01  3.3137E+01  8.8351E+02  8.6614E+00  1.4492E+01 -5.8304E+00  2.4619E-01
  1.3000E+01  3.3137E+01  8.8351E+02  8.3299E+00  1.7192E+01 -8.8625E+00 -3.9206E-01
  1.3000E+01  3.3137E+01  8.8351E+02  8.7517E+00  1.8548E+01 -9.7964E+00 -5.5321E-01
  1.3000E+01  3.3137E+01  8.8351E+02  6.7008E+00  1.9152E+01 -1.2451E+01 -1.5008E+00
  1.3000E+01  3.3137E+01  8.8351E+02  1.2519E+01  1.9337E+01 -6.8183E+00  6.1246E-01
  1.3000E+01  3.3137E+01  8.8351E+02  9.3268E+00  1.9290E+01 -9.9632E+00 -6.3759E-01
  1.3000E+01  3.3137E+01  8.8351E+02  1.1918E+01  1.9115E+01 -7.1971E+00  3.2972E-01
  1.3000E+01  3.3137E+01  8.8351E+02  9.9731E+00  1.8871E+01 -8.8979E+00 -4.0114E-01
  1.3000E+01  3.3137E+01  8.8351E+02  7.5797E+00  1.8591E+01 -1.1011E+01 -1.2807E+00
  1.3000E+01  3.3137E+01  8.8351E+02  7.9599E+00  1.8293E+01 -1.0333E+01 -1.1160E+00
  1.3000E+01  3.3137E+01  8.8351E+02  1.3055E+01  1.7987E+01 -4.9324E+00  7.7963E-01
  1.3000E+01  3.3137E+01  8.8351E+02  7.5450E+00  1.6773E+01 -9.2280E+00 -1.1225E+00
  1.3000E+01  3.3137E+01  8.8351E+02  1.0013E+01  1.3558E+01 -3.5448E+00  4.5904E-02
  1.3000E+01  3.3137E+01  8.8351E+02  5.4839E+00  1.0958E+01 -5.4736E+00 -1.0641E+00
  1.3000E+01  3.3137E+01  8.8351E+02  8.2221E+00  8.8560E+00 -6.3388E-01  6.2918E-02
  1.3000E+01  3.3137E+01  8.8351E+02  6.4078E+00  7.1575E+00 -7.4968E-01 -1.9110E-01
  1.3000E+01  3.3137E+01  8.8351E+02  4.9566E+00  5.7847E+00 -8.2813E-01 -3.4497E-01
  1.4000E+01  6.4557E+01  7.9051E+02  0.0000E+00  0.0000E+00  0.0000E+00  0.0000E+00
  1.4000E+01  6.4557E+01  7.9051E+02 -1.0504E+00  0.0000E+00 -1.0504E+00 -2.5373E-01
  1.4000E+01  6.4557E+01  7.9051E+02  5.8911E+00  9.3075E+00 -3.4164E+00  2.6963E-02
  1.4000E+01  6.4557E+01  7.9051E+02  7.8781E+00  1.4221E+01 -6.3426E+00 -3.2814E-01
  1.4000E+01  6.4557E+01  7.9051E+02  1.1491E+01  1.6679E+01 -5.1876E+00  3.5684E-01
  1.4000E+01  6.4557E+01  7.9051E+02  7.3182E+00  1.7769E+01 -1.0451E+01 -1.4447E+00
  1.4000E+01  6.4557E+01  7.9051E+02  9.3346E+00  1.8102E+01 -8.7669E+00 -8.5437E-01
  1.4000E+01  6.4557E+01  7.9051E+02  1.2041E+01  1.8018E+01 -5.9773E+00  9.4885E-02
  1.4000E+01  6.4557E+01  7.9051E+02  1.5854E+01  1.7711E+01 -1.8568E+00  1.4890E+00
  1.4000E+01  6.4557E+01  7.9051E+02  1.0822E+01  1.7286E+01 -6.4640E+00 -3.0497E-01
  1.4000E+01  6.4557E+01  7.9051E+02  9.2415E+00  1.6804E+01 -7.5623E+00 -8.1369E-01
  1.4000E+01  6.4557E+01  7.9051E+02  8.2463E+00  1.6297E+01 -8.0512E+00 -1.0947E+00
  1.4000E+01  6.4557E+01  7.9051E+02  9.9437E+00  1.5785E+01 -5.8418E+00 -4.2971E-01
  1.4000E+01  6.4557E+01  7.9051E+02  8.5157E+00  1.5278E+01 -6.7621E+00 -8.4870E-01
  1.4000E+01  6.4557E+01  7.9051E+02  8.6114E+00  1.3366E+01 -4.7547E+00 -5.2524E-01
  1.4000E+01  6.4557E+01  7.9051E+02  5.0943E+00  8.9170E+00 -3.8227E+00 -8.5062E-01
  1.4000E+01  6.4557E+01  7.9051E+02  5.2004E+00  5.9479E+00 -7.4750E-01 -2.4829E-01
  1.4000E+01  6.4557E+01  7.9051E+02  3.4361E+00  3.9674E+00 -5.3131E-01 -2.9975E-01
  1.4000E+01  6.4557E+01  7.9051E+02  4.1310E+00  2.6464E+00  1.4846E+00  1.8842E-01
  1.4000E+01  6.4557E+01  7.9051E+02  3.2494E+00  1.7652E+00  1.4842E+00  1.9134E-01
  1.5000E+01  3.3087E+01  5.9547E+02  0.0000E+00  0.0000E+00  0.0000E+00  0.0000E+00
  1.5000E+01  3.3087E+01  5.9547E+02 -1.2576E+00  0.0000E+00 -1.2576E+00 -3.0378E-01
  1.5000E+01  3.3087E+01  5.9547E+02  6.8983E+00  9.3891E+00 -2.4908E+00 -1.6342E-01
  1.5000E+01  3.3087E+01  5.9547E+02  8.7259E+00  1.4492E+01 -5.7656E+00 -9.2113E-01
  1.5000E+01  3.3087E+01  5.9547E+02  1.2060E+01  1.7192E+01 -5.1318E+00 -5.6709E-01
  1.5000E+01  3.3087E+01  5.9547E+02  1.2764E+01  1.8547E+01 -5.7833E+00 -7.3967E-01
  1.5000E+01  3.3087E+01  5.9547E+02  1.7664E+01  1.9151E+01 -1.4871E+00  8.9538E-01
  1.5000E+01  3.3087E+01  5.9547E+02  1.6253E+01  1.9336E+01 -3.0829E+00  2.8747E-01
  1.5000E+01  3.3087E+01  5.9547E+02  1.5789E+01  1.9288E+01 -3.4993E+00  1.0212E-01
  1.5000E+01  3.3087E+01  5.9547E+02  1.4210E+01  1.9113E+01 -4.9031E+00 -4.6576E-01
  1.5000E+01  3.3087E+01  5.9547E+02  1.2709E+01  1.8869E+01 -6.1598E+00 -9.7691E-01
  1.5000E+01  3.3087E+01  5.9547E+02  1.4782E+01  1.8588E+01 -3.8063E+00 -1.3737E-01
  1.5000E+01  3.3087E+01  5.9547E+02  1.3680E+01  1.8290E+01 -4.6101E+00 -4.7821E-01
  1.5000E+01  3.3087E+01  5.9547E+02  1.8359E+01  1.7984E+01  3.7459E-01  1.3103E+00
  1.5000E+01  3.3087E+01  5.9547E+02  1.2386E+01  1.6769E+01 -4.3831E+00 -5.8491E-01
  1.5000E+01  3.3087E+01  5.9547E+02  1.1557E+01  1.3552E+01 -1.9950E+00 -1.1913E-01
  1.5000E+01  3.3087E+01  5.9547E+02  8.9367E+00  1.0951E+01 -2.0140E+00 -3.5519E-01
  1.5000E+01  3.3087E+01  5.9547E+02  9.1989E+00  8.8487E+00  3.5022E-01  1.9715E-01
  1.5000E+01  3.3087E+01  5.9547E+02  8.1492E+00  7.1502E+00  9.9904E-01  2.7184E-01
  1.5000E+01  3.3087E+01  5.9547E+02  3.2366E+00  5.7777E+00 -2.5411E+00 -7.6212E-01
  1.6000E+01  2.9389E+01  4.0031E+02  0.0000E+00  0.0000E+00  0.0000E+00  0.0000E+00
  1.6000E+01  2.9389E+01  4.0031E+02  2.9605E-01  0.0000E+00  2.9605E-01  7.1513E-02
  1.6000E+01  2.9389E+01  4.0031E+02  1.2864E+01  9.3896E+00  3.4744E+00  6.3704E-01
  1.6000E+01  2.9389E+01  4.0031E+02  1.9816E+01  1.4493E+01  5.3227E+00  1.0939E+00
  1.6000E+01  2.9389E+01  4.0031E+02  2.0708E+01  1.7195E+01  3.5128E+00  3.9092E-01
  1.6000E+01  2.9389E+01  4.0031E+02  2.0340E+01  1.8553E+01  1.7875E+00 -3.0040E-01
  1.6000E+01  2.9389E+01  4.0031E+02  1.9966E+01  1.9158E+01  8.0785E-01 -6.9993E-01
  1.6000E+01  2.9389E+01  4.0031E+02  1.8822E+01  1.9345E+01 -5.2281E-01 -1.2099E+00
  1.6000E+01  2.9389E+01  4.0031E+02  2.3543E+01  1.9299E+01  4.2439E+00  6.1044E-01
  1.6000E+01  2.9389E+01  4.0031E+02  2.1939E+01  1.9126E+01  2.8134E+00  8.6886E-02
  1.6000E+01  2.9389E+01  4.0031E+02  2.4493E+01  1.8883E+01  5.6099E+00  1.1590E+00
  1.6000E+01  2.9389E+01  4.0031E+02  2.3563E+01  1.8604E+01  4.9587E+00  9.3239E-01
  1.6000E+01  2.9389E+01  4.0031E+02  2.2517E+01  1.8308E+01  4.2093E+00  6.7295E-01
  1.6000E+01  2.9389E+01  4.0031E+02  1.6775E+01  1.8004E+01 -1.2285E+00 -1.3037E+00
  1.6000E+01  2.9389E+01  4.0031E+02  2.0776E+01  1.6794E+01  3.9821E+00  6.8312E-01
  1.6000E+01  2.9389E+01  4.0031E+02  1.2688E+01  1.3589E+01 -9.0094E-01 -7.5840E-01
  1.6000E+01  2.9389E+01  4.0031E+02  1.2005E+01  1.0994E+01  1.0108E+00  2.2874E-02
  1.6000E+01  2.9389E+01  4.0031E+02  9.5967E+00  8.8950E+00  7.0174E-01  3.2390E-02
  1.6000E+01  2.9389E+01  4.0031E+02  1.1326E+01  7.1965E+00  4.1295E+00  1.0635E+00
  1.6000E+01  2.9389E+01  4.0031E+02  1.1408E+01  5.8224E+00  5.5856E+00  1.4752E+00
  1.7000E+01  5.6670E+01  6.1925E+02  0.0000E+00  0.0000E+00  0.0000E+00  0.0000E+00
  1.7000E+01  5.6670E+01  6.1925E+02  1.5452E+00  0.0000E+00  1.5452E+00  3.7325E-01
  1.7000E+01  5.6670E+01  6.1925E+02  6.3148E+00  9.3076E+00 -2.9928E+00 -2.2699E-01
  1.7000E+01  5.6670E+01  6.1925E+02  1.1782E+01  1.4221E+01 -2.4388E+00  3.0732E-01
  1.7000E+01  5.6670E+01  6.1925E+02  1.0068E+01  1.6679E+01 -6.6109E+00 -9.6918E-01
  1.7000E+01  5.6670E+01  6.1925E+02  1.0811E+01  1.7769E+01 -6.9583E+00 -1.0791E+00
  1.7000E+01  5.6670E+01  6.1925E+02  1.4761E+01  1.8102E+01 -3.3411E+00  2.1019E-01
  1.7000E+01  5.6670E+01  6.1925E+02  1.2888E+01  1.8019E+01 -5.1310E+00 -5.1405E-01
  1.7000E+01  5.6670E+01  6.1925E+02  1.2712E+01  1.7712E+01 -4.9996E+00 -5.4817E-01
  1.7000E+01  5.6670E+01  6.1925E+02  1.4478E+01  1.7287E+01 -2.8089E+00  1.5431E-01
  1.7000E+01  5.6670E+01  6.1925E+02  1.1640E+01  1.6805E+01 -5.1649E+00 -7.7905E-01
  1.7000E+01  5.6670E+01  6.1925E+02  1.4605E+01  1.6299E+01 -1.6937E+00  3.5989E-01
  1.7000E+01  5.6670E+01  6.1925E+02  1.3470E+01  1.5787E+01 -2.3168E+00  5.3037E-02
  1.7000E+01  5.6670E+01  6.1925E+02  1.6893E+01  1.5279E+01  1.6138E+00  1.3161E+00
  1.7000E+01  5.6670E+01  6.1925E+02  1.2601E+01  1.3368E+01 -7.6680E-01  2.0774E-01
  1.7000E+01  5.6670E+01  6.1925E+02  9.3644E+00  8.9191E+00  4.4529E-01  9.2767E-02
  1.7000E+01  5.6670E+01  6.1925E+02  7.5676E+00  5.9499E+00  1.6177E+00  2.3091E-01
  1.7000E+01  5.6670E+01  6.1925E+02  4.8312E+00  3.9692E+00  8.6202E-01 -2.7188E-02
  1.7000E+01  5.6670E+01  6.1925E+02  4.8111E+00  2.6478E+00  2.1633E+00  3.1078E-01
  1.7000E+01  5.6670E+01  6.1925E+02  6.3611E+00  1.7664E+00  4.5947E+00  9.4226E-01
  1.8000E+01  2.9708E+01  6.2666E+02  0.0000E+00  0.0000E+00  0.0000E+00  0.0000E+00
  1.8000E+01  2.9708E+01  6.2666E+02  3.1204E-01  0.0000E+00  3.1204E-01  7.5375E-02
  1.8000E+01  2.9708E+01  6.2666E+02  6.9726E+00  9.3892E+00 -2.4166E+00 -2.4438E-02
  1.8000E+01  2.9708E+01  6.2666E+02  8.1525E+00  1.4492E+01 -6.3394E+00 -9.0934E-01
  1.8000E+01  2.9708E+01  6.2666E+02  1.2120E+01  1.7193E+01 -5.0727E+00 -2.9398E-01
  1.8000E+01  2.9708E+01  6.2666E+02  1.2662E+01  1.8549E+01 -5.8866E+00 -5.0621E-01
  1.8000E+01  2.9708E+01  6.2666E+02  1.2470E+01  1.9153E+01 -6.6828E+00 -7.9143E-01
  1.8000E+01  2.9708E+01  6.2666E+02  9.3747E+00  1.9338E+01 -9.9634E+00 -2.0602E+00
  1.8000E+01  2.9708E+01  6.2666E+02  1.8400E+01  1.9291E+01 -8.9095E-01  1.3374E+00
  1.8000E+01  2.9708E+01  6.2666E+02  1.4095E+01  1.9116E+01 -5.0211E+00 -2.8283E-01
  1.8000E+01  2.9708E+01  6.2666E+02  1.3996E+01  1.8872E+01 -4.8763E+00 -2.8753E-01
  1.8000E+01  2.9708E+01  6.2666E+02  1.6603E+01  1.8592E+01 -1.9892E+00  7.2768E-01
  1.8000E+01  2.9708E+01  6.2666E+02  1.4755E+01  1.8294E+01 -3.5394E+00  8.6177E-02
  1.8000E+01  2.9708E+01  6.2666E+02  1.6253E+01  1.7989E+01 -1.7361E+00  6.8564E-01
  1.8000E+01  2.9708E+01  6.2666E+02  1.2588E+01  1.6775E+01 -4.1871E+00 -4.3273E-01
  1.8000E+01  2.9708E+01  6.2666E+02  1.2801E+01  1.3561E+01 -7.5995E-01  2.3304E-01
  1.8000E+01  2.9708E+01  6.2666E+02  1.2319E+01  1.0961E+01  1.3578E+00  5.5774E-01
  1.8000E+01  2.9708E+01  6.2666E+02  1.1550E+01  8.8599E+00  2.6901E+00  7.2487E-01
  1.8000E+01  2.9708E+01  6.2666E+02  8.9685E+00  7.1614E+00  1.8071E+00  3.3106E-01
  1.8000E+01  2.9708E+01  6.2666E+02  6.7483E+00  5.7885E+00  9.5978E-01  2.2949E-02
  1.9000E+01  3.5014E+01  2.6057E+02  0.0000E+00  0.0000E+00  0.0000E+00  0.0000E+00
  1.9000E+01  3.5014E+01  2.6057E+02 -3.2296E-01  0.0000E+00 -3.2296E-01 -7.8013E-02
  1.9000E+01  3.5014E+01  2.6057E+02  1.4465E+01  9.3891E+00  5.0759E+00 -1.3948E-01
  1.9000E+01  3.5014E+01  2.6057E+02  2.6456E+01  1.4491E+01  1.1965E+01  1.1240E+00
  1.9000E+01  3.5014E+01  2.6057E+02  2.9819E+01  1.7192E+01  1.2627E+01  8.9455E-01
  1.9000E+01  3.5014E+01  2.6057E+02  2.8395E+01  1.8547E+01  9.8477E+00 -3.4668E-01
  1.9000E+01  3.5014E+01  2.6057E+02  3.1180E+01  1.9151E+01  1.2029E+01  4.0715E-01
  1.9000E+01  3.5014E+01  2.6057E+02  3.4463E+01  1.9336E+01  1.5127E+01  1.6252E+00
  1.9000E+01  3.5014E+01  2.6057E+02  3.2464E+01  1.9288E+01  1.3176E+01  9.8096E-01
  1.9000E+01  3.5014E+01  2.6057E+02  3.0248E+01  1.9113E+01  1.1135E+01  3.3169E-01
  1.9000E+01  3.5014E+01  2.6057E+02  3.1240E+01  1.8869E+01  1.2371E+01  9.3227E-01
  1.9000E+01  3.5014E+01  2.6057E+02  2.9189E+01  1.8588E+01  1.0601E+01  4.0944E-01
  1.9000E+01  3.5014E+01  2.6057E+02  3.3009E+01  1.8290E+01  1.4719E+01  2.0729E+00
  1.9000E+01  3.5014E+01  2.6057E+02  2.4518E+01  1.7984E+01  6.5338E+00 -8.0512E-01
  1.9000E+01  3.5014E+01  2.6057E+02  2.1881E+01  1.6769E+01  5.1121E+00 -7.6707E-01
  1.9000E+01  3.5014E+01  2.6057E+02  1.3470E+01  1.3552E+01 -8.1633E-02 -1.2728E+00
  1.9000E+01  3.5014E+01  2.6057E+02  8.9478E+00  1.0950E+01 -2.0025E+00 -1.0587E+00
  1.9000E+01  3.5014E+01  2.6057E+02  5.9032E+00  8.8482E+00 -2.9450E+00 -8.2437E-01
  1.9000E+01  3.5014E+01  2.6057E+02  5.0676E+00  7.1497E+00 -2.0821E+00 -2.6880E-01
  1.9000E+01  3.5014E+01  2.6057E+02  3.2325E+00  5.7773E+00 -2.5448E+00 -2.2179E-01
  2.0000E+01  6.2410E+01  5.0699E+02  0.0000E+00  0.0000E+00  0.0000E+00  0.0000E+00
  2.0000E+01  6.2410E+01  5.0699E+02  5.0709E-02  0.0000E+00  5.0709E-02  1.2249E-02
  2.0000E+01  6.2410E+01  5.0699E+02  5.1043E+00  9.3074E+00 -4.2031E+00 -1.0194E+00
  2.0000E+01  6.2410E+01  5.0699E+02  1.1996E+01  1.4220E+01 -2.2241E+00 -3.6440E-01
  2.0000E+01  6.2410E+01  5.0699E+02  1.5094E+01  1.6678E+01 -1.5836E+00 -1.0069E-01
  2.0000E+01  6.2410E+01  5.0699E+02  1.5925E+01  1.7767E+01 -1.8424E+00 -1.7820E-01
  2.0000E+01  6.2410E+01  5.0699E+02  2.0068E+01  1.8100E+01  1.9685E+00  1.2149E+00
  2.0000E+01  6.2410E+01  5.0699E+02  1.3769E+01  1.8016E+01 -4.2468E+00 -1.0839E+00
  2.0000E+01  6.2410E+01  5.0699E+02  1.3709E+01  1.7708E+01 -3.9987E+00 -1.0095E+00
  2.0000E+01  6.2410E+01  5.0699E+02  1.6929E+01  1.7282E+01 -3.5349E-01  2.8782E-01
  2.0000E+01  6.2410E+01  5.0699E+02  1.6226E+01  1.6800E+01 -5.7388E-01  1.7886E-01
  2.0000E+01  6.2410E+01  5.0699E+02  1.3739E+01  1.6293E+01 -2.5542E+00 -5.4544E-01
  2.0000E+01  6.2410E+01  5.0699E+02  1.8221E+01  1.5781E+01  2.4402E+00  1.1674E+00
  2.0000E+01  6.2410E+01  5.0699E+02  1.3661E+01  1.5273E+01 -1.6119E+00 -2.5809E-01
  2.0000E+01  6.2410E+01  5.0699E+02  1.5054E+01  1.3360E+01  1.6940E+00  7.5039E-01
  2.0000E+01  6.2410E+01  5.0699E+02  9.1650E+00  8.9095E+00  2.5545E-01  1.1279E-01
  2.0000E+01  6.2410E+01  5.0699E+02  4.2707E+00  5.9406E+00 -1.6699E+00 -4.8106E-01
  2.0000E+01  6.2410E+01  5.0699E+02  2.5677E+00  3.9610E+00 -1.3933E+00 -4.1117E-01
  2.0000E+01  6.2410E+01  5.0699E+02  1.6778E+00  2.6411E+00 -9.6329E-01 -2.9516E-01
  2.0000E+01  6.2410E+01  5.0699E+02  9.3494E-01  1.7610E+00 -8.2606E-01 -2.5214E-01
  2.1000E+01  3.7212E+01  4.9573E+02  0.0000E+00  0.0000E+00  0.0000E+00  0.0000E+00
  2.1000E+01  3.7212E+01  4.9573E+02 -6.3680E-01  0.0000E+00 -6.3680E-01 -1.5382E-01
  2.1000E+01  3.7212E+01  4.9573E+02  6.3595E+00  9.3890E+00 -3.0295E+00 -6.9743E-01
  2.1000E+01  3.7212E+01  4.9573E+02  1.5855E+01  1.4491E+01  1.3637E+00  7.9889E-01
  2.1000E+01  3.7212E+01  4.9573E+02  1.5698E+01  1.7191E+01 -1.4934E+00 -9.2345E-02
  2.1000E+01  3.7212E+01  4.9573E+02  1.5805E+01  1.8547E+01 -2.7417E+00 -5.2008E-01
  2.1000E+01  3.7212E+01  4.9573E+02  1.6053E+01  1.9150E+01 -3.0973E+00 -6.4480E-01
  2.1000E+01  3.7212E+01  4.9573E+02  1.6503E+01  1.9335E+01 -2.8319E+00 -5.4120E-01
  2.1000E+01  3.7212E+01  4.9573E+02  2.0913E+01  1.9287E+01  1.6259E+00  1.1491E+00
  2.1000E+01  3.7212E+01  4.9573E+02  1.9193E+01  1.9112E+01  8.1403E-02  5.5769E-01
  2.1000E+01  3.7212E+01  4.9573E+02  1.8181E+01  1.8867E+01 -6.8610E-01  2.6073E-01
  2.1000E+01  3.7212E+01  4.9573E+02  1.5875E+01  1.8586E+01 -2.7114E+00 -5.0242E-01
  2.1000E+01  3.7212E+01  4.9573E+02  1.8073E+01  1.8288E+01 -2.1503E-01  4.1733E-01
  2.1000E+01  3.7212E+01  4.9573E+02  1.6874E+01  1.7982E+01 -1.1081E+00  7.8989E-02
  2.1000E+01  3.7212E+01  4.9573E+02  1.3723E+01  1.6766E+01 -3.0432E+00 -6.4072E-01
  2.1000E+01  3.7212E+01  4.9573E+02  7.5339E+00  1.3548E+01 -6.0137E+00 -1.6374E+00
  2.1000E+01  3.7212E+01  4.9573E+02  9.5438E+00  1.0946E+01 -1.4017E+00 -1.7867E-01
  2.1000E+01  3.7212E+01  4.9573E+02  6.1862E+00  8.8432E+00 -2.6570E+00 -5.8274E-01
  2.1000E+01  3.7212E+01  4.9573E+02  4.8479E+00  7.1447E+00 -2.2968E+00 -4.9565E-01
  2.1000E+01  3.7212E+01  4.9573E+02  3.7991E+00  5.7724E+00 -1.9733E+00 -4.2118E-01
  2.2000E+01  6.1275E+01  4.0870E+02  0.0000E+00  0.0000E+00  0.0000E+00  0.0000E+00
  2.2000E+01  6.1275E+01  4.0870E+02 -3.6637E-01  0.0000E+00 -3.6637E-01 -8.8499E-02
  2.2000E+01  6.1275E+01  4.0870E+02  1.0344E+01  9.3073E+00  1.0367E+00  1.9885E-02
  2.2000E+01  6.1275E+01  4.0870E+02  1.6229E+01  1.4220E+01  2.0091E+00  1.7642E-01
  2.2000E+01  6.1275E+01  4.0870E+02  1.7370E+01  1.6677E+01  6.9282E-01 -3.5736E-01
  2.2000E+01  6.1275E+01  4.0870E+02  1.8243E+01  1.7767E+01  4.7620E-01 -4.7263E-01
  2.2000E+01  6.1275E+01  4.0870E+02  2.4027E+01  1.8099E+01  5.9283E+00  1.5311E+00
  2.2000E+01  6.1275E+01  4.0870E+02  2.1692E+01  1.8015E+01  3.6772E+00  7.2695E-01
  2.2000E+01  6.1275E+01  4.0870E+02  1.8074E+01  1.7707E+01  3.6744E-01 -4.5177E-01
  2.2000E+01  6.1275E+01  4.0870E+02  1.9617E+01  1.7281E+01  2.3359E+00  2.9714E-01
  2.2000E+01  6.1275E+01  4.0870E+02  1.7450E+01  1.6798E+01  6.5163E-01 -2.7000E-01
  2.2000E+01  6.1275E+01  4.0870E+02  1.4898E+01  1.6292E+01 -1.3935E+00 -9.4974E-01
  2.2000E+01  6.1275E+01  4.0870E+02  2.0362E+01  1.5779E+01  4.5830E+00  1.1678E+00
  2.2000E+01  6.1275E+01  4.0870E+02  1.4467E+01  1.5271E+01 -8.0392E-01 -6.5844E-01
  2.2000E+01  6.1275E+01  4.0870E+02  1.4981E+01  1.3358E+01  1.6233E+00  2.7089E-01
  2.2000E+01  6.1275E+01  4.0870E+02  8.8459E+00  8.9066E+00 -6.0750E-02 -6.4689E-02
  2.2000E+01  6.1275E+01  4.0870E+02  7.6807E+00  5.9378E+00  1.7429E+00  5.1176E-01
  2.2000E+01  6.1275E+01  4.0870E+02  2.8642E+00  3.9586E+00 -1.0944E+00 -2.2265E-01
  2.2000E+01  6.1275E+01  4.0870E+02  1.9533E+00  2.6391E+00 -6.8575E-01 -1.0697E-01
  2.2000E+01  6.1275E+01  4.0870E+02  1.8236E+00  1.7594E+00  6.4220E-02  7.7480E-02
  2.3000E+01  3.6319E+01  4.1892E+02  0.0000E+00  0.0000E+00  0.0000E+00  0.0000E+00
  2.3000E+01  3.6319E+01  4.1892E+02  1.8423E+00  0.0000E+00  1.8423E+00  4.4502E-01
  2.3000E+01  3.6319E+01  4.1892E+02  1.1117E+01  9.3892E+00  1.7278E+00  3.0943E-01
  2.3000E+01  3.6319E+01  4.1892E+02  1.9169E+01  1.4492E+01  4.6772E+00  1.2101E+00
  2.3000E+01  3.6319E+01  4.1892E+02  1.7697E+01  1.7192E+01  5.0455E-01 -2.5694E-01
  2.3000E+01  3.6319E+01  4.1892E+02  2.1983E+01  1.8548E+01  3.4347E+00  7.9416E-01
  2.3000E+01  3.6319E+01  4.1892E+02  2.2164E+01  1.9152E+01  3.0116E+00  6.4570E-01
  2.3000E+01  3.6319E+01  4.1892E+02  1.7968E+01  1.9338E+01 -1.3695E+00 -1.0022E+00
  2.3000E+01  3.6319E+01  4.1892E+02  2.1914E+01  1.9290E+01  2.6237E+00  5.2939E-01
  2.3000E+01  3.6319E+01  4.1892E+02  2.2512E+01  1.9115E+01  3.3966E+00  8.3955E-01
  2.3000E+01  3.6319E+01  4.1892E+02  2.0095E+01  1.8871E+01  1.2236E+00  4.0872E-02
  2.3000E+01  3.6319E+01  4.1892E+02  1.9219E+01  1.8591E+01  6.2776E-01 -1.5917E-01
  2.3000E+01  3.6319E+01  4.1892E+02  1.8926E+01  1.8293E+01  6.3268E-01 -1.3406E-01
  2.3000E+01  3.6319E+01  4.1892E+02  1.6634E+01  1.7988E+01 -1.3539E+00 -8.4040E-01
  2.3000E+01  3.6319E+01  4.1892E+02  1.5448E+01  1.6774E+01 -1.3256E+00 -7.2626E-01
  2.3000E+01  3.6319E+01  4.1892E+02  1.0097E+01  1.3559E+01 -3.4617E+00 -1.2024E+00
  2.3000E+01  3.6319E+01  4.1892E+02  1.0283E+01  1.0959E+01 -6.7560E-01 -1.7107E-01
  2.3000E+01  3.6319E+01  4.1892E+02  7.5491E+00  8.8571E+00 -1.3080E+00 -2.8776E-01
  2.3000E+01  3.6319E+01  4.1892E+02  7.1956E+00  7.1586E+00  3.6999E-02  1.3396E-01
  2.3000E+01  3.6319E+01  4.1892E+02  5.4852E+00  5.7858E+00 -3.0062E-01  5.4110E-02
  2.4000E+01  6.2388E+01  2.9420E+02  0.0000E+00  0.0000E+00  0.0000E+00  0.0000E+00
  2.4000E+01  6.2388E+01  2.9420E+02 -6.2445E-01  0.0000E+00 -6.2445E-01 -1.5084E-01
  2.4000E+01  6.2388E+01  2.9420E+02  1.3398E+01  9.3074E+00  4.0906E+00  4.8776E-02
  2.4000E+01  6.2388E+01  2.9420E+02  2.0635E+01  1.4220E+01  6.4149E+00  1.4863E-01
  2.4000E+01  6.2388E+01  2.9420E+02  2.4592E+01  1.6678E+01  7.9144E+00  3.6715E-01
  2.4000E+01  6.2388E+01  2.9420E+02  2.9019E+01  1.7767E+01  1.1252E+01  1.4970E+00
  2.4000E+01  6.2388E+01  2.9420E+02  2.7174E+01  1.8100E+01  9.0745E+00  7.4800E-01
  2.4000E+01  6.2388E+01  2.9420E+02  2.4045E+01  1.8016E+01  6.0292E+00 -2.6550E-01
  2.4000E+01  6.2388E+01  2.9420E+02  2.5106E+01  1.7708E+01  7.3982E+00  3.7253E-01
  2.4000E+01  6.2388E+01  2.9420E+02  2.6261E+01  1.7283E+01  8.9784E+00  1.0884E+00
  2.4000E+01  6.2388E+01  2.9420E+02  2.1333E+01  1.6800E+01  4.5330E+00 -3.5402E-01
  2.4000E+01  6.2388E+01  2.9420E+02  2.4573E+01  1.6293E+01  8.2797E+00  1.1154E+00
  2.4000E+01  6.2388E+01  2.9420E+02  1.6318E+01  1.5781E+01  5.3708E-01 -1.4404E+00
  2.4000E+01  6.2388E+01  2.9420E+02  2.2964E+01  1.5273E+01  7.6910E+00  1.1606E+00
  2.4000E+01  6.2388E+01  2.9420E+02  1.4390E+01  1.3360E+01  1.0298E+00 -6.1417E-01
  2.4000E+01  6.2388E+01  2.9420E+02  8.9000E+00  8.9097E+00 -9.7015E-03 -8.9732E-02
  2.4000E+01  6.2388E+01  2.9420E+02  4.1904E+00  5.9408E+00 -1.7504E+00 -2.4142E-01
  2.4000E+01  6.2388E+01  2.9420E+02  2.2517E+00  3.9612E+00 -1.7095E+00 -1.1338E-01
  2.4000E+01  6.2388E+01  2.9420E+02  8.9925E-01  2.6412E+00 -1.7420E+00 -1.0921E-01
  2.4000E+01  6.2388E+01  2.9420E+02 -7.6163E-01  1.7611E+00 -2.5227E+00 -3.3516E-01
  2.5000E+01  4.6337E+01  2.7237E+02  0.0000E+00  0.0000E+00  0.0000E+00  0.0000E+00
  2.5000E+01  4.6337E+01  2.7237E+02 -2.7706E-01  0.0000E+00 -2.7706E-01 -6.6926E-02
  2.5000E+01  4.6337E+01  2.7237E+02  1.4937E+01  9.3891E+00  5.5479E+00  4.1418E-01
  2.5000E+01  4.6337E+01  2.7237E+02  2.2370E+01  1.4492E+01  7.8783E+00  4.9201E-01
  2.5000E+01  4.6337E+01  2.7237E+02  2.7784E+01  1.7192E+01  1.0592E+01  1.0971E+00
  2.5000E+01  4.6337E+01  2.7237E+02  3.3748E+01  1.8548E+01  1.5200E+01  2.6763E+00
  2.5000E+01  4.6337E+01  2.7237E+02  3.0535E+01  1.9152E+01  1.1383E+01  1.2504E+00
  2.5000E+01  4.6337E+01  2.7237E+02  2.8792E+01  1.9337E+01  9.4549E+00  5.7150E-01
  2.5000E+01  4.6337E+01  2.7237E+02  2.7233E+01  1.9290E+01  7.9433E+00  8.5041E-02
  2.5000E+01  4.6337E+01  2.7237E+02  2.7830E+01  1.9115E+01  8.7153E+00  4.8429E-01
  2.5000E+01  4.6337E+01  2.7237E+02  2.9673E+01  1.8871E+01  1.0802E+01  1.3822E+00
  2.5000E+01  4.6337E+01  2.7237E+02  2.3075E+01  1.8590E+01  4.4846E+00 -8.6126E-01
  2.5000E+01  4.6337E+01  2.7237E+02  2.5532E+01  1.8292E+01  7.2396E+00  2.8419E-01
  2.5000E+01  4.6337E+01  2.7237E+02  1.8616E+01  1.7987E+01  6.2909E-01 -2.0259E+00
  2.5000E+01  4.6337E+01  2.7237E+02  1.8537E+01  1.6772E+01  1.7647E+00 -1.1305E+00
  2.5000E+01  4.6337E+01  2.7237E+02  1.1197E+01  1.3557E+01 -2.3598E+00 -1.4671E+00
  2.5000E+01  4.6337E+01  2.7237E+02  6.9259E+00  1.0956E+01 -4.0305E+00 -1.3124E+00
  2.5000E+01  4.6337E+01  2.7237E+02  4.4351E+00  8.8547E+00 -4.4196E+00 -1.0095E+00
  2.5000E+01  4.6337E+01  2.7237E+02  5.6404E-01  7.1562E+00 -6.5922E+00 -1.3735E+00
  2.5000E+01  4.6337E+01  2.7237E+02  1.3267E+00  5.7835E+00 -4.4568E+00 -6.3898E-01
  2.6000E+01  6.7107E+01  3.5084E+02  0.0000E+00  0.0000E+00  0.0000E+00  0.0000E+00
  2.6000E+01  6.7107E+01  3.5084E+02  1.5077E+00  0.0000E+00  1.5077E+00  3.6420E-01
  2.6000E+01  6.7107E+01  3.5084E+02  1.4251E+01  9.3071E+00  4.9439E+00  8.0079E-01
  2.6000E+01  6.7107E+01  3.5084E+02  1.8683E+01  1.4219E+01  4.4638E+00  3.6392E-01
  2.6000E+01  6.7107E+01  3.5084E+02  2.1009E+01  1.6676E+01  4.3332E+00  1.6764E-01
  2.6000E+01  6.7107E+01  3.5084E+02  2.0798E+01  1.7765E+01  3.0333E+00 -3.4461E-01
  2.6000E+01  6.7107E+01  3.5084E+02  2.4266E+01  1.8096E+01  6.1702E+00  8.3311E-01
  2.6000E+01  6.7107E+01  3.5084E+02  2.2509E+01  1.8011E+01  4.4978E+00  2.8694E-01
  2.6000E+01  6.7107E+01  3.5084E+02  2.5867E+01  1.7702E+01  8.1647E+00  1.7062E+00
  2.6000E+01  6.7107E+01  3.5084E+02  1.6664E+01  1.7276E+01 -6.1226E-01 -1.3799E+00
  2.6000E+01  6.7107E+01  3.5084E+02  1.6596E+01  1.6793E+01 -1.9690E-01 -1.1216E+00
  2.6000E+01  6.7107E+01  3.5084E+02  2.1713E+01  1.6286E+01  5.4275E+00  9.5879E-01
  2.6000E+01  6.7107E+01  3.5084E+02  1.7280E+01  1.5772E+01  1.5075E+00 -3.2565E-01
  2.6000E+01  6.7107E+01  3.5084E+02  1.8856E+01  1.5264E+01  3.5921E+00  4.7320E-01
  2.6000E+01  6.7107E+01  3.5084E+02  1.4259E+01  1.3349E+01  9.0984E-01 -1.5211E-01
  2.6000E+01  6.7107E+01  3.5084E+02  8.3436E+00  8.8962E+00 -5.5255E-01 -1.1513E-01
  2.6000E+01  6.7107E+01  3.5084E+02  2.7162E+00  5.9276E+00 -3.2114E+00 -6.5850E-01
  2.6000E+01  6.7107E+01  3.5084E+02 -2.2647E-01  3.9496E+00 -4.1761E+00 -8.3408E-01
  2.6000E+01  6.7107E+01  3.5084E+02  9.1058E-01  2.6317E+00 -1.7211E+00 -1.9395E-01
  2.6000E+01  6.7107E+01  3.5084E+02 -7.6718E-01  1.7535E+00 -2.5207E+00 -4.2049E-01
  2.7000E+01  5.7449E+01  6.2571E+02  0.0000E+00  0.0000E+00  0.0000E+00  0.0000E+00
  2.7000E+01  5.7449E+01  6.2571E+02 -6.5115E-01  0.0000E+00 -6.5115E-01 -1.5729E-01
  2.7000E+01  5.7449E+01  6.2571E+02  3.3680E+00  9.3072E+00 -5.9392E+00 -1.0699E+00
  2.7000E+01  5.7449E+01  6.2571E+02  6.4658E+00  1.4219E+01 -7.7536E+00 -1.4121E+00
  2.7000E+01  5.7449E+01  6.2571E+02  1.3054E+01  1.6676E+01 -3.6223E+00  1.3410E-01
  2.7000E+01  5.7449E+01  6.2571E+02  1.4153E+01  1.7765E+01 -3.6125E+00  1.8934E-01
  2.7000E+01  5.7449E+01  6.2571E+02  1.4996E+01  1.8097E+01 -3.1009E+00  3.5002E-01
  2.7000E+01  5.7449E+01  6.2571E+02  1.1168E+01  1.8013E+01 -6.8446E+00 -1.0929E+00
  2.7000E+01  5.7449E+01  6.2571E+02  1.4822E+01  1.7704E+01 -2.8819E+00  2.6941E-01
  2.7000E+01  5.7449E+01  6.2571E+02  1.0910E+01  1.7278E+01 -6.3681E+00 -1.0846E+00
  2.7000E+01  5.7449E+01  6.2571E+02  1.3886E+01  1.6795E+01 -2.9089E+00  6.3345E-02
  2.7000E+01  5.7449E+01  6.2571E+02  1.3911E+01  1.6288E+01 -2.3767E+00  1.5615E-01
  2.7000E+01  5.7449E+01  6.2571E+02  1.5853E+01  1.5775E+01  7.8084E-02  9.1600E-01
  2.7000E+01  5.7449E+01  6.2571E+02  1.0218E+01  1.5267E+01 -5.0485E+00 -9.3334E-01
  2.7000E+01  5.7449E+01  6.2571E+02  1.5392E+01  1.3352E+01  2.0397E+00  1.1418E+00
  2.7000E+01  5.7449E+01  6.2571E+02  9.4992E+00  8.9000E+00  5.9915E-01  1.4062E-01
  2.7000E+01  5.7449E+01  6.2571E+02  8.5407E+00  5.9314E+00  2.6093E+00  4.9824E-01
  2.7000E+01  5.7449E+01  6.2571E+02  7.5509E+00  3.9529E+00  3.5980E+00  6.8339E-01
  2.7000E+01  5.7449E+01  6.2571E+02  2.4598E+00  2.6344E+00 -1.7461E-01 -2.8964E-01
  2.7000E+01  5.7449E+01  6.2571E+02  2.6450E+00  1.7557E+00  8.8931E-01  1.0965E-02
  2.8000E+01  3.2836E+01  4.5751E+02  0.0000E+00  0.0000E+00  0.0000E+00  0.0000E+00
  2.8000E+01  3.2836E+01  4.5751E+02  1.4284E+00  0.0000E+00  1.4284E+00  3.4504E-01
  2.8000E+01  3.2836E+01  4.5751E+02  9.3231E+00  9.3892E+00 -6.6090E-02 -3.4969E-02
  2.8000E+01  3.2836E+01  4.5751E+02  1.6756E+01  1.4492E+01  2.2641E+00  7.2744E-01
  2.8000E+01  3.2836E+01  4.5751E+02  1.3775E+01  1.7193E+01 -3.4175E+00 -1.2548E+00
  2.8000E+01  3.2836E+01  4.5751E+02  1.6927E+01  1.8548E+01 -1.6214E+00 -6.3771E-01
  2.8000E+01  3.2836E+01  4.5751E+02  1.9989E+01  1.9153E+01  8.3643E-01  2.7824E-01
  2.8000E+01  3.2836E+01  4.5751E+02  2.1599E+01  1.9338E+01  2.2612E+00  8.2146E-01
  2.8000E+01  3.2836E+01  4.5751E+02  1.8851E+01  1.9291E+01 -4.3957E-01 -2.0130E-01
  2.8000E+01  3.2836E+01  4.5751E+02  2.1585E+01  1.9116E+01  2.4693E+00  8.9976E-01
  2.8000E+01  3.2836E+01  4.5751E+02  2.0916E+01  1.8872E+01  2.0443E+00  7.3681E-01
  2.8000E+01  3.2836E+01  4.5751E+02  1.9287E+01  1.8592E+01  6.9537E-01  2.3096E-01
  2.8000E+01  3.2836E+01  4.5751E+02  1.7002E+01  1.8294E+01 -1.2917E+00 -5.0370E-01
  2.8000E+01  3.2836E+01  4.5751E+02  1.4303E+01  1.7988E+01 -3.6854E+00 -1.3762E+00
  2.8000E+01  3.2836E+01  4.5751E+02  1.7097E+01  1.6774E+01  3.2278E-01  9.8674E-02
  2.8000E+01  3.2836E+01  4.5751E+02  1.3476E+01  1.3560E+01 -8.3629E-02 -2.7625E-02
  2.8000E+01  3.2836E+01  4.5751E+02  1.2928E+01  1.0960E+01  1.9683E+00  6.1270E-01
  2.8000E+01  3.2836E+01  4.5751E+02  8.7864E+00  8.8582E+00 -7.1843E-02 -8.1040E-03
  2.8000E+01  3.2836E+01  4.5751E+02  5.1249E+00  7.1597E+00 -2.0348E+00 -5.5627E-01
  2.8000E+01  3.2836E+01  4.5751E+02  5.3580E+00  5.7869E+00 -4.2892E-01 -1.0129E-01
  2.9000E+01  6.5918E+01  2.7962E+02  0.0000E+00  0.0000E+00  0.0000E+00  0.0000E+00
  2.9000E+01  6.5918E+01  2.7962E+02  4.5896E-01  0.0000E+00  4.5896E-01  1.1086E-01
  2.9000E+01  6.5918E+01  2.7962E+02  1.3233E+01  9.3073E+00  3.9257E+00 -7.5179E-02
  2.9000E+01  6.5918E+01  2.7962E+02  2.0211E+01  1.4220E+01  5.9911E+00 -1.1949E-01
  2.9000E+01  6.5918E+01  2.7962E+02  2.7355E+01  1.6677E+01  1.0678E+01  1.1879E+00
  2.9000E+01  6.5918E+01  2.7962E+02  2.7990E+01  1.7767E+01  1.0223E+01  9.6178E-01
  2.9000E+01  6.5918E+01  2.7962E+02  3.0221E+01  1.8099E+01  1.2122E+01  1.7110E+00
  2.9000E+01  6.5918E+01  2.7962E+02  2.8341E+01  1.8015E+01  1.0326E+01  1.1658E+00
  2.9000E+01  6.5918E+01  2.7962E+02  2.7167E+01  1.7706E+01  9.4606E+00  9.9276E-01
  2.9000E+01  6.5918E+01  2.7962E+02  1.9954E+01  1.7281E+01  2.6731E+00 -1.2984E+00
  2.9000E+01  6.5918E+01  2.7962E+02  1.9986E+01  1.6798E+01  3.1879E+00 -9.3311E-01
  2.9000E+01  6.5918E+01  2.7962E+02  2.2995E+01  1.6291E+01  6.7037E+00  4.7566E-01
  2.9000E+01  6.5918E+01  2.7962E+02  1.9826E+01  1.5779E+01  4.0473E+00 -2.9657E-01
  2.9000E+01  6.5918E+01  2.7962E+02  2.0826E+01  1.5271E+01  5.5554E+00  3.6941E-01
  2.9000E+01  6.5918E+01  2.7962E+02  1.5063E+01  1.3357E+01  1.7057E+00 -4.1437E-01
  2.9000E+01  6.5918E+01  2.7962E+02  7.3069E+00  8.9062E+00 -1.5993E+00 -5.1527E-01
  2.9000E+01  6.5918E+01  2.7962E+02  5.1684E+00  5.9374E+00 -7.6897E-01  8.1429E-02
  2.9000E+01  6.5918E+01  2.7962E+02  8.8218E-01  3.9582E+00 -3.0760E+00 -4.1690E-01
  2.9000E+01  6.5918E+01  2.7962E+02  2.9423E+00  2.6387E+00  3.0356E-01  4.5876E-01
  2.9000E+01  6.5918E+01  2.7962E+02 -2.7838E+00  1.7591E+00 -4.5429E+00 -8.0145E-01
  3.0000E+01  2.8390E+01  3.2648E+02  0.0000E+00  0.0000E+00  0.0000E+00  0.0000E+00
  3.0000E+01  2.8390E+01  3.2648E+02 -9.0287E-01  0.0000E+00 -9.0287E-01 -2.1809E-01
  3.0000E+01  2.8390E+01  3.2648E+02  1.7451E+01  9.3893E+00  8.0617E+00  1.3394E+00
  3.0000E+01  2.8390E+01  3.2648E+02  2.4578E+01  1.4492E+01  1.0086E+01  1.5438E+00
  3.0000E+01  2.8390E+01  3.2648E+02  2.4207E+01  1.7194E+01  7.0135E+00  2.0345E-01
  3.0000E+01  2.8390E+01  3.2648E+02  2.2163E+01  1.8550E+01  3.6131E+00 -1.2157E+00
  3.0000E+01  2.8390E+01  3.2648E+02  2.4877E+01  1.9155E+01  5.7224E+00 -4.9451E-01
  3.0000E+01  2.8390E+01  3.2648E+02  2.6577E+01  1.9340E+01  7.2366E+00  8.8175E-02
  3.0000E+01  2.8390E+01  3.2648E+02  2.7905E+01  1.9294E+01  8.6113E+00  6.5581E-01
  3.0000E+01  2.8390E+01  3.2648E+02  2.4001E+01  1.9119E+01  4.8816E+00 -6.9025E-01
  3.0000E+01  2.8390E+01  3.2648E+02  2.6700E+01  1.8876E+01  7.8241E+00  4.9228E-01
  3.0000E+01  2.8390E+01  3.2648E+02  2.7140E+01  1.8596E+01  8.5437E+00  8.3465E-01
  3.0000E+01  2.8390E+01  3.2648E+02  2.9381E+01  1.8299E+01  1.1082E+01  1.8457E+00
  3.0000E+01  2.8390E+01  3.2648E+02  2.6894E+01  1.7994E+01  8.9000E+00  1.1081E+00
  3.0000E+01  2.8390E+01  3.2648E+02  1.8749E+01  1.6781E+01  1.9675E+00 -1.1046E+00
  3.0000E+01  2.8390E+01  3.2648E+02  1.8435E+01  1.3570E+01  4.8645E+00  5.7440E-01
  3.0000E+01  2.8390E+01  3.2648E+02  1.5779E+01  1.0972E+01  4.8065E+00  9.4578E-01
  3.0000E+01  2.8390E+01  3.2648E+02  8.8467E+00  8.8718E+00 -2.5112E-02 -2.3135E-01
  3.0000E+01  2.8390E+01  3.2648E+02  6.6639E+00  7.1733E+00 -5.0943E-01 -1.7586E-01
  3.0000E+01  2.8390E+01  3.2648E+02  8.8855E+00  5.8000E+00  3.0855E+00  9.2429E-01
  3.1000E+01  6.4020E+01  1.9585E+02  0.0000E+00  0.0000E+00  0.0000E+00  0.0000E+00
  3.1000E+01  6.4020E+01  1.9585E+02 -1.7821E+00  0.0000E+00 -1.7821E+00 -4.3048E-01
  3.1000E+01  6.4020E+01  1.9585E+02  1.8485E+01  9.3078E+00  9.1772E+00  4.2709E-01
  3.1000E+01  6.4020E+01  1.9585E+02  3.3277E+01  1.4221E+01  1.9056E+01  2.4166E+00
  3.1000E+01  6.4020E+01  1.9585E+02  3.6978E+01  1.6680E+01  2.0298E+01  2.3755E+00
  3.1000E+01  6.4020E+01  1.9585E+02  3.7037E+01  1.7771E+01  1.9266E+01  1.8761E+00
  3.1000E+01  6.4020E+01  1.9585E+02  3.6272E+01  1.8105E+01  1.8167E+01  1.5505E+00
  3.1000E+01  6.4020E+01  1.9585E+02  3.4936E+01  1.8022E+01  1.6914E+01  1.2835E+00
  3.1000E+01  6.4020E+01  1.9585E+02  3.0204E+01  1.7715E+01  1.2489E+01 -7.6854E-02
  3.1000E+01  6.4020E+01  1.9585E+02  2.9828E+01  1.7291E+01  1.2537E+01  2.2820E-01
  3.1000E+01  6.4020E+01  1.9585E+02  2.7691E+01  1.6809E+01  1.0882E+01 -7.1986E-02
  3.1000E+01  6.4020E+01  1.9585E+02  2.5313E+01  1.6304E+01  9.0092E+00 -4.4342E-01
  3.1000E+01  6.4020E+01  1.9585E+02  2.3014E+01  1.5792E+01  7.2217E+00 -7.8399E-01
  3.1000E+01  6.4020E+01  1.9585E+02  2.1266E+01  1.5285E+01  5.9808E+00 -9.3955E-01
  3.1000E+01  6.4020E+01  1.9585E+02  2.0363E+01  1.3375E+01  6.9880E+00  3.0259E-01
  3.1000E+01  6.4020E+01  1.9585E+02  1.1131E+01  8.9280E+00  2.2030E+00  3.6023E-01
  3.1000E+01  6.4020E+01  1.9585E+02  6.9905E+00  5.9586E+00  1.0319E+00  6.4893E-01
  3.1000E+01  6.4020E+01  1.9585E+02  3.9159E+00  3.9768E+00 -6.0881E-02  5.6098E-01
  3.1000E+01  6.4020E+01  1.9585E+02  1.6638E+00  2.6541E+00 -9.9032E-01  3.4285E-01
  3.1000E+01  6.4020E+01  1.9585E+02  1.7494E+00  1.7714E+00 -2.1967E-02  5.2859E-01
  3.2000E+01  3.7257E+01  5.7202E+02  0.0000E+00  0.0000E+00  0.0000E+00  0.0000E+00
  3.2000E+01  3.7257E+01  5.7202E+02  1.0018E+00  0.0000E+00  1.0018E+00  2.4199E-01
  3.2000E+01  3.7257E+01  5.7202E+02  8.0357E+00  9.3891E+00 -1.3534E+00  7.4280E-02
  3.2000E+01  3.7257E+01  5.7202E+02  1.2708E+01  1.4492E+01 -1.7836E+00  2.3745E-01
  3.2000E+01  3.7257E+01  5.7202E+02  1.0325E+01  1.7192E+01 -6.8670E+00 -1.3947E+00
  3.2000E+01  3.7257E+01  5.7202E+02  1.4064E+01  1.8548E+01 -4.4836E+00 -4.8052E-01
  3.2000E+01  3.7257E+01  5.7202E+02  1.5101E+01  1.9151E+01 -4.0505E+00 -2.9307E-01
  3.2000E+01  3.7257E+01  5.7202E+02  1.3224E+01  1.9336E+01 -6.1124E+00 -1.0735E+00
  3.2000E+01  3.7257E+01  5.7202E+02  1.9117E+01  1.9289E+01 -1.7193E-01  1.1665E+00
  3.2000E+01  3.7257E+01  5.7202E+02  2.0069E+01  1.9114E+01  9.5524E-01  1.5660E+00
  3.2000E+01  3.7257E+01  5.7202E+02  1.5564E+01  1.8870E+01 -3.3056E+00 -6.8234E-02
  3.2000E+01  3.7257E+01  5.7202E+02  1.6481E+01  1.8589E+01 -2.1082E+00  3.5064E-01
  3.2000E+01  3.7257E+01  5.7202E+02  1.0801E+01  1.8291E+01 -7.4901E+00 -1.6708E+00
  3.2000E+01  3.7257E+01  5.7202E+02  1.3857E+01  1.7985E+01 -4.1284E+00 -4.5279E-01
  3.2000E+01  3.7257E+01  5.7202E+02  1.6993E+01  1.6770E+01  2.2256E-01  1.0011E+00
  3.2000E+01  3.7257E+01  5.7202E+02  8.5125E+00  1.3554E+01 -5.0415E+00 -1.0505E+00
  3.2000E+01  3.7257E+01  5.7202E+02  6.1176E+00  1.0953E+01 -4.8354E+00 -1.0952E+00
  3.2000E+01  3.7257E+01  5.7202E+02  4.8748E+00  8.8512E+00 -3.9764E+00 -9.1230E-01
  3.2000E+01  3.7257E+01  5.7202E+02  4.6135E+00  7.1527E+00 -2.5392E+00 -5.5893E-01
  3.2000E+01  3.7257E+01  5.7202E+02  3.4718E+00  5.7801E+00 -2.3083E+00 -5.3845E-01
  3.3000E+01  6.2114E+01  9.0267E+02  0.0000E+00  0.0000E+00  0.0000E+00  0.0000E+00
  3.3000E+01  6.2114E+01  9.0267E+02 -9.3861E-01  0.0000E+00 -9.3861E-01 -2.2673E-01
  3.3000E+01  6.2114E+01  9.0267E+02  1.8521E+00  9.3074E+00 -7.4553E+00 -8.9503E-01
  3.3000E+01  6.2114E+01  9.0267E+02  6.3132E+00  1.4220E+01 -7.9069E+00 -3.9334E-01
  3.3000E+01  6.2114E+01  9.0267E+02  7.0153E+00  1.6677E+01 -9.6622E+00 -6.7033E-01
  3.3000E+01  6.2114E+01  9.0267E+02  8.8027E+00  1.7767E+01 -8.9646E+00 -3.1982E-01
  3.3000E+01  6.2114E+01  9.0267E+02  8.9689E+00  1.8099E+01 -9.1304E+00 -4.1168E-01
  3.3000E+01  6.2114E+01  9.0267E+02  8.7293E+00  1.8016E+01 -9.2863E+00 -5.7358E-01
  3.3000E+01  6.2114E+01  9.0267E+02  1.1263E+01  1.7707E+01 -6.4445E+00  3.2231E-01
  3.3000E+01  6.2114E+01  9.0267E+02  8.1273E+00  1.7282E+01 -9.1549E+00 -8.1590E-01
  3.3000E+01  6.2114E+01  9.0267E+02  1.1378E+01  1.6800E+01 -5.4216E+00  3.6078E-01
  3.3000E+01  6.2114E+01  9.0267E+02  8.3773E+00  1.6293E+01 -7.9155E+00 -6.7826E-01
  3.3000E+01  6.2114E+01  9.0267E+02  9.0420E+00  1.5780E+01 -6.7384E+00 -4.1346E-01
  3.3000E+01  6.2114E+01  9.0267E+02  7.2758E+00  1.5272E+01 -7.9966E+00 -9.8280E-01
  3.3000E+01  6.2114E+01  9.0267E+02  7.8119E+00  1.3360E+01 -5.5476E+00 -6.2355E-01
  3.3000E+01  6.2114E+01  9.0267E+02  9.6615E+00  8.9089E+00  7.5257E-01  4.4370E-01
  3.3000E+01  6.2114E+01  9.0267E+02  5.2489E+00  5.9400E+00 -6.9112E-01 -3.4310E-01
  3.3000E+01  6.2114E+01  9.0267E+02  3.4234E+00  3.9605E+00 -5.3710E-01 -4.2391E-01
  3.3000E+01  6.2114E+01  9.0267E+02  4.2412E+00  2.6407E+00  1.6005E+00  1.0474E-01
  3.3000E+01  6.2114E+01  9.0267E+02  3.5735E+00  1.7607E+00  1.8128E+00  1.7750E-01
  3.4000E+01  5.6017E+01  5.8142E+02  0.0000E+00  0.0000E+00  0.0000E+00  0.0000E+00
  3.4000E+01  5.6017E+01  5.8142E+02  1.2388E-01  0.0000E+00  1.2388E-01  2.9924E-02
  3.4000E+01  5.6017E+01  5.8142E+02  8.0261E+00  9.3077E+00 -1.2816E+00  1.4691E-01
  3.4000E+01  5.6017E+01  5.8142E+02  1.0579E+01  1.4221E+01 -3.6422E+00 -3.1351E-01
  3.4000E+01  5.6017E+01  5.8142E+02  1.0939E+01  1.6680E+01 -5.7406E+00 -9.3631E-01
  3.4000E+01  5.6017E+01  5.8142E+02  1.5004E+01  1.7770E+01 -2.7664E+00  1.5080E-01
  3.4000E+01  5.6017E+01  5.8142E+02  1.5191E+01  1.8104E+01 -2.9126E+00  7.3269E-02
  3.4000E+01  5.6017E+01  5.8142E+02  1.4960E+01  1.8021E+01 -3.0609E+00 -3.7815E-02
  3.4000E+01  5.6017E+01  5.8142E+02  1.5977E+01  1.7714E+01 -1.7368E+00  3.7347E-01
  3.4000E+01  5.6017E+01  5.8142E+02  1.3207E+01  1.7289E+01 -4.0825E+00 -5.5205E-01
  3.4000E+01  5.6017E+01  5.8142E+02  1.2856E+01  1.6808E+01 -3.9517E+00 -5.7544E-01
  3.4000E+01  5.6017E+01  5.8142E+02  1.4392E+01  1.6302E+01 -1.9098E+00  7.4946E-02
  3.4000E+01  5.6017E+01  5.8142E+02  1.6188E+01  1.5790E+01  3.9784E-01  8.0328E-01
  3.4000E+01  5.6017E+01  5.8142E+02  1.1270E+01  1.5283E+01 -4.0129E+00 -7.8315E-01
  3.4000E+01  5.6017E+01  5.8142E+02  1.1940E+01  1.3372E+01 -1.4322E+00 -1.2581E-01
  3.4000E+01  5.6017E+01  5.8142E+02  1.0470E+01  8.9246E+00  1.5454E+00  3.9360E-01
  3.4000E+01  5.6017E+01  5.8142E+02  1.0209E+01  5.9552E+00  4.2538E+00  9.6754E-01
  3.4000E+01  5.6017E+01  5.8142E+02  6.1807E+00  3.9738E+00  2.2069E+00  3.5366E-01
  3.4000E+01  5.6017E+01  5.8142E+02  3.8115E+00  2.6517E+00  1.1598E+00  8.5792E-02
  3.4000E+01  5.6017E+01  5.8142E+02  6.3227E+00  1.7694E+00  4.5533E+00  9.5959E-01
  3.5000E+01  6.7662E+01  3.2609E+02  0.0000E+00  0.0000E+00  0.0000E+00  0.0000E+00
  3.5000E+01  6.7662E+01  3.2609E+02  8.1160E-01  0.0000E+00  8.1160E-01  1.9605E-01
  3.5000E+01  6.7662E+01  3.2609E+02  1.2032E+01  9.3074E+00  2.7246E+00  2.4632E-02
  3.5000E+01  6.7662E+01  3.2609E+02  1.8392E+01  1.4220E+01  4.1717E+00  5.3067E-02
  3.5000E+01  6.7662E+01  3.2609E+02  2.2469E+01  1.6678E+01  5.7910E+00  4.1485E-01
  3.5000E+01  6.7662E+01  3.2609E+02  2.7565E+01  1.7768E+01  9.7970E+00  1.8239E+00
  3.5000E+01  6.7662E+01  3.2609E+02  2.4711E+01  1.8100E+01  6.6107E+00  6.9998E-01
  3.5000E+01  6.7662E+01  3.2609E+02  2.2949E+01  1.8017E+01  4.9322E+00  1.5786E-01
  3.5000E+01  6.7662E+01  3.2609E+02  2.2404E+01  1.7709E+01  4.6951E+00  1.6694E-01
  3.5000E+01  6.7662E+01  3.2609E+02  2.3093E+01  1.7284E+01  5.8091E+00  6.7155E-01
  3.5000E+01  6.7662E+01  3.2609E+02  2.2574E+01  1.6801E+01  5.7726E+00  7.5644E-01
  3.5000E+01  6.7662E+01  3.2609E+02  1.5325E+01  1.6295E+01 -9.6992E-01 -1.5181E+00
  3.5000E+01  6.7662E+01  3.2609E+02  1.9093E+01  1.5783E+01  3.3103E+00  8.4062E-02
  3.5000E+01  6.7662E+01  3.2609E+02  1.4554E+01  1.5275E+01 -7.2086E-01 -1.2031E+00
  3.5000E+01  6.7662E+01  3.2609E+02  1.4750E+01  1.3362E+01  1.3875E+00 -1.4798E-01
  3.5000E+01  6.7662E+01  3.2609E+02  9.6497E+00  8.9126E+00  7.3715E-01  1.9909E-01
  3.5000E+01  6.7662E+01  3.2609E+02  2.5588E+00  5.9435E+00 -3.3847E+00 -7.2807E-01
  3.5000E+01  6.7662E+01  3.2609E+02  3.3053E+00  3.9636E+00 -6.5829E-01  8.3059E-02
  3.5000E+01  6.7662E+01  3.2609E+02  3.1394E+00  2.6432E+00  4.9619E-01  3.7554E-01
  3.5000E+01  6.7662E+01  3.2609E+02  1.0777E+00  1.7627E+00 -6.8499E-01  4.6509E-02
  3.6000E+01  3.1395E+01  7.1720E+02  0.0000E+00  0.0000E+00  0.0000E+00  0.0000E+00
  3.6000E+01  3.1395E+01  7.1720E+02  2.8034E-01  0.0000E+00  2.8034E-01  6.7718E-02
  3.6000E+01  3.1395E+01  7.1720E+02  4.4857E+00  9.3893E+00 -4.9036E+00 -5.1793E-01
  3.6000E+01  3.1395E+01  7.1720E+02  5.8377E+00  1.4492E+01 -8.6544E+00 -1.2603E+00
  3.6000E+01  3.1395E+01  7.1720E+02  8.4950E+00  1.7193E+01 -8.6980E+00 -1.0543E+00
  3.6000E+01  3.1395E+01  7.1720E+02  1.2838E+01  1.8549E+01 -5.7110E+00  1.5603E-01
  3.6000E+01  3.1395E+01  7.1720E+02  9.6088E+00  1.9153E+01 -9.5446E+00 -1.2464E+00
  3.6000E+01  3.1395E+01  7.1720E+02  1.4801E+01  1.9339E+01 -4.5379E+00  6.2812E-01
  3.6000E+01  3.1395E+01  7.1720E+02  1.6512E+01  1.9292E+01 -2.7799E+00  1.2452E+00
  3.6000E+01  3.1395E+01  7.1720E+02  1.5501E+01  1.9117E+01 -3.6162E+00  8.5894E-01
  3.6000E+01  3.1395E+01  7.1720E+02  1.1642E+01  1.8874E+01 -7.2315E+00 -5.7632E-01
  3.6000E+01  3.1395E+01  7.1720E+02  1.2915E+01  1.8594E+01 -5.6786E+00 -6.9725E-02
  3.6000E+01  3.1395E+01  7.1720E+02  8.8827E+00  1.8296E+01 -9.4132E+00 -1.5270E+00
  3.6000E+01  3.1395E+01  7.1720E+02  1.2124E+01  1.7991E+01 -5.8668E+00 -2.8915E-01
  3.6000E+01  3.1395E+01  7.1720E+02  9.9651E+00  1.6777E+01 -6.8122E+00 -8.9456E-01
  3.6000E+01  3.1395E+01  7.1720E+02  1.2196E+01  1.3564E+01 -1.3683E+00  3.4558E-01
  3.6000E+01  3.1395E+01  7.1720E+02  1.0926E+01  1.0965E+01 -3.9122E-02  3.3435E-01
  3.6000E+01  3.1395E+01  7.1720E+02  8.1208E+00  8.8640E+00 -7.4323E-01 -1.4351E-01
  3.6000E+01  3.1395E+01  7.1720E+02  7.9105E+00  7.1655E+00  7.4496E-01  1.1835E-01
  3.6000E+01  3.1395E+01  7.1720E+02  7.1146E+00  5.7925E+00  1.3221E+00  1.7387E-01
  3.7000E+01  3.0130E+01  5.5480E+02  0.0000E+00  0.0000E+00  0.0000E+00  0.0000E+00
  3.7000E+01  3.0130E+01  5.5480E+02  5.4183E-01  0.0000E+00  5.4183E-01  1.3088E-01
  3.7000E+01  3.0130E+01  5.5480E+02  8.4127E+00  9.3893E+00 -9.7660E-01  1.3203E-01
  3.7000E+01  3.0130E+01  5.5480E+02  1.3780E+01  1.4492E+01 -7.1225E-01  4.9715E-01
  3.7000E+01  3.0130E+01  5.5480E+02  1.5235E+01  1.7193E+01 -1.9583E+00  2.2730E-01
  3.7000E+01  3.0130E+01  5.5480E+02  1.4094E+01  1.8549E+01 -4.4555E+00 -6.2909E-01
  3.7000E+01  3.0130E+01  5.5480E+02  1.7997E+01  1.9154E+01 -1.1571E+00  6.1777E-01
  3.7000E+01  3.0130E+01  5.5480E+02  1.7881E+01  1.9340E+01 -1.4586E+00  4.9413E-01
  3.7000E+01  3.0130E+01  5.5480E+02  1.2514E+01  1.9293E+01 -6.7788E+00 -1.5506E+00
  3.7000E+01  3.0130E+01  5.5480E+02  1.3030E+01  1.9118E+01 -6.0883E+00 -1.3181E+00
  3.7000E+01  3.0130E+01  5.5480E+02  1.7938E+01  1.8875E+01 -9.3675E-01  5.8533E-01
  3.7000E+01  3.0130E+01  5.5480E+02  1.7317E+01  1.8595E+01 -1.2780E+00  4.1488E-01
  3.7000E+01  3.0130E+01  5.5480E+02  1.5202E+01  1.8297E+01 -3.0955E+00 -2.9957E-01
  3.7000E+01  3.0130E+01  5.5480E+02  1.3130E+01  1.7992E+01 -4.8624E+00 -9.8407E-01
  3.7000E+01  3.0130E+01  5.5480E+02  1.4758E+01  1.6779E+01 -2.0215E+00 -8.3739E-02
  3.7000E+01  3.0130E+01  5.5480E+02  1.5875E+01  1.3567E+01  2.3076E+00  1.0360E+00
  3.7000E+01  3.0130E+01  5.5480E+02  1.1659E+01  1.0969E+01  6.9013E-01  2.8224E-01
  3.7000E+01  3.0130E+01  5.5480E+02  9.4002E+00  8.8680E+00  5.3219E-01  1.0268E-01
  3.7000E+01  3.0130E+01  5.5480E+02  7.8941E+00  7.1695E+00  7.2458E-01  8.0734E-02
  3.7000E+01  3.0130E+01  5.5480E+02  9.6308E+00  5.7963E+00  3.8345E+00  8.8439E-01
  3.8000E+01  3.4745E+01  7.7219E+02  0.0000E+00  0.0000E+00  0.0000E+00  0.0000E+00
  3.8000E+01  3.4745E+01  7.7219E+02 -4.0024E-01  0.0000E+00 -4.0024E-01 -9.6681E-02
  3.8000E+01  3.4745E+01  7.7219E+02  6.7693E+00  9.3892E+00 -2.6199E+00  2.2889E-01
  3.8000E+01  3.4745E+01  7.7219E+02  1.0703E+01  1.4492E+01 -3.7889E+00  4.9401E-01
  3.8000E+01  3.4745E+01  7.7219E+02  8.8319E+00  1.7193E+01 -8.3607E+00 -7.5807E-01
  3.8000E+01  3.4745E+01  7.7219E+02  8.2934E+00  1.8549E+01 -1.0255E+01 -1.3240E+00
  3.8000E+01  3.4745E+01  7.7219E+02  1.4794E+01  1.9153E+01 -4.3587E+00  9.3286E-01
  3.8000E+01  3.4745E+01  7.7219E+02  1.4877E+01  1.9338E+01 -4.4610E+00  8.9357E-01
  3.8000E+01  3.4745E+01  7.7219E+02  1.3593E+01  1.9291E+01 -5.6978E+00  3.8400E-01
  3.8000E+01  3.4745E+01  7.7219E+02  9.6101E+00  1.9116E+01 -9.5059E+00 -1.1136E+00
  3.8000E+01  3.4745E+01  7.7219E+02  1.2827E+01  1.8872E+01 -6.0451E+00  1.2495E-01
  3.8000E+01  3.4745E+01  7.7219E+02  1.2794E+01  1.8592E+01 -5.7980E+00  1.4534E-01
  3.8000E+01  3.4745E+01  7.7219E+02  6.9577E+00  1.8294E+01 -1.1336E+01 -1.9758E+00
  3.8000E+01  3.4745E+01  7.7219E+02  9.6546E+00  1.7989E+01 -8.3342E+00 -9.2990E-01
  3.8000E+01  3.4745E+01  7.7219E+02  1.0004E+01  1.6775E+01 -6.7708E+00 -6.0973E-01
  3.8000E+01  3.4745E+01  7.7219E+02  6.1189E+00  1.3561E+01 -7.4417E+00 -1.3774E+00
  3.8000E+01  3.4745E+01  7.7219E+02  8.4987E+00  1.0961E+01 -2.4621E+00 -1.6172E-01
  3.8000E+01  3.4745E+01  7.7219E+02  4.8899E+00  8.8594E+00 -3.9695E+00 -8.6100E-01
  3.8000E+01  3.4745E+01  7.7219E+02  6.4896E+00  7.1609E+00 -6.7130E-01 -7.9259E-02
  3.8000E+01  3.4745E+01  7.7219E+02  4.6586E+00  5.7880E+00 -1.1294E+00 -3.1703E-01
  3.9000E+01  3.2839E+01  3.3654E+02  0.0000E+00  0.0000E+00  0.0000E+00  0.0000E+00
  3.9000E+01  3.2839E+01  3.3654E+02  1.4333E+00  0.0000E+00  1.4333E+00  3.4622E-01
  3.9000E+01  3.2839E+01  3.3654E+02  1.0420E+01  9.3889E+00  1.0311E+00 -6.1241E-01
  3.9000E+01  3.2839E+01  3.3654E+02  1.9124E+01  1.4491E+01  4.6331E+00 -6.1617E-02
  3.9000E+01  3.2839E+01  3.3654E+02  2.1561E+01  1.7191E+01  4.3704E+00 -4.6975E-01
  3.9000E+01  3.2839E+01  3.3654E+02  2.4694E+01  1.8546E+01  6.1485E+00  3.0858E-02
  3.9000E+01  3.2839E+01  3.3654E+02  2.5208E+01  1.9149E+01  6.0594E+00 -4.1846E-02
  3.9000E+01  3.2839E+01  3.3654E+02  3.3445E+01  1.9333E+01  1.4112E+01  3.0302E+00
  3.9000E+01  3.2839E+01  3.3654E+02  2.1875E+01  1.9285E+01  2.5904E+00 -1.2896E+00
  3.9000E+01  3.2839E+01  3.3654E+02  2.4767E+01  1.9109E+01  5.6583E+00 -6.0534E-02
  3.9000E+01  3.2839E+01  3.3654E+02  2.8667E+01  1.8864E+01  9.8032E+00  1.5684E+00
  3.9000E+01  3.2839E+01  3.3654E+02  3.2780E+01  1.8583E+01  1.4197E+01  3.2707E+00
  3.9000E+01  3.2839E+01  3.3654E+02  2.1074E+01  1.8284E+01  2.7901E+00 -8.9534E-01
  3.9000E+01  3.2839E+01  3.3654E+02  1.6422E+01  1.7978E+01 -1.5557E+00 -2.4071E+00
  3.9000E+01  3.2839E+01  3.3654E+02  2.3942E+01  1.6760E+01  7.1816E+00  1.0511E+00
  3.9000E+01  3.2839E+01  3.3654E+02  1.5698E+01  1.3539E+01  2.1590E+00 -6.5102E-02
  3.9000E+01  3.2839E+01  3.3654E+02  1.2305E+01  1.0935E+01  1.3696E+00  9.1223E-02
  3.9000E+01  3.2839E+01  3.3654E+02  6.6410E+00  8.8324E+00 -2.1914E+00 -6.9955E-01
  3.9000E+01  3.2839E+01  3.3654E+02  6.3535E+00  7.1339E+00 -7.8041E-01 -1.1817E-01
  3.9000E+01  3.2839E+01  3.3654E+02  4.5520E+00  5.7620E+00 -1.2100E+00 -1.3586E-01
  4.0000E+01  3.3945E+01  3.1195E+02  0.0000E+00  0.0000E+00  0.0000E+00  0.0000E+00
  4.0000E+01  3.3945E+01  3.1195E+02 -9.1684E-01  0.0000E+00 -9.1684E-01 -2.2147E-01
  4.0000E+01  3.3945E+01  3.1195E+02  1.2425E+01  9.3893E+00  3.0357E+00 -1.6076E-01
  4.0000E+01  3.3945E+01  3.1195E+02  2.1081E+01  1.4492E+01  6.5887E+00  3.4680E-01
  4.0000E+01  3.3945E+01  3.1195E+02  2.3132E+01  1.7193E+01  5.9386E+00 -2.1637E-01
  4.0000E+01  3.3945E+01  3.1195E+02  2.8249E+01  1.8550E+01  9.6993E+00  1.0084E+00
  4.0000E+01  3.3945E+01  3.1195E+02  3.1272E+01  1.9154E+01  1.2118E+01  1.8933E+00
  4.0000E+01  3.3945E+01  3.1195E+02  2.4474E+01  1.9340E+01  5.1340E+00 -7.2305E-01
  4.0000E+01  3.3945E+01  3.1195E+02  2.8331E+01  1.9293E+01  9.0377E+00  8.1541E-01
  4.0000E+01  3.3945E+01  3.1195E+02  2.7141E+01  1.9119E+01  8.0221E+00  5.0524E-01
  4.0000E+01  3.3945E+01  3.1195E+02  2.7214E+01  1.8875E+01  8.3386E+00  7.0644E-01
  4.0000E+01  3.3945E+01  3.1195E+02  2.4786E+01  1.8596E+01  6.1903E+00 -1.0431E-02
  4.0000E+01  3.3945E+01  3.1195E+02  2.7226E+01  1.8298E+01  8.9278E+00  1.0913E+00
  4.0000E+01  3.3945E+01  3.1195E+02  2.0500E+01  1.7993E+01  2.5067E+00 -1.1859E+00
  4.0000E+01  3.3945E+01  3.1195E+02  1.9212E+01  1.6781E+01  2.4314E+00 -8.5324E-01
  4.0000E+01  3.3945E+01  3.1195E+02  2.0613E+01  1.3569E+01  7.0439E+00  1.4357E+00
  4.0000E+01  3.3945E+01  3.1195E+02  7.2206E+00  1.0971E+01 -3.7502E+00 -1.5110E+00
  4.0000E+01  3.3945E+01  3.1195E+02  7.5401E+00  8.8701E+00 -1.3300E+00 -4.3720E-01
  4.0000E+01  3.3945E+01  3.1195E+02  7.1073E+00  7.1716E+00 -6.4297E-02  1.1838E-01
  4.0000E+01  3.3945E+01  3.1195E+02  5.4313E+00  5.7983E+00 -3.6705E-01  1.4241E-01
