TABLE NO.  2
 CL          V1          DV          PRED        RES         WRES
  4.1157E+00  8.5919E+01  0.0000E+00  1.0016E+03  0.0000E+00  0.0000E+00
  4.1157E+00  8.5919E+01  1.1191E+03  9.6900E+02  1.5010E+02  2.0511E-01
  4.1157E+00  8.5919E+01  1.2574E+03  9.3782E+02  3.1958E+02  2.1186E+00
  4.1157E+00  8.5919E+01  9.1638E+02  8.7933E+02  3.7050E+01 -9.3072E-01
  4.1157E+00  8.5919E+01  8.0113E+02  7.7635E+02  2.4782E+01 -1.0001E+00
  4.1157E+00  8.5919E+01  6.6857E+02  6.1599E+02  5.2585E+01 -4.4810E-01
  4.1157E+00  8.5919E+01  5.9021E+02  5.0095E+02  8.9265E+01  3.5075E-01
  4.1157E+00  8.5919E+01  5.8108E+02  4.1762E+02  1.6346E+02  1.9593E+00
  4.1157E+00  8.5919E+01  4.1931E+02  3.1108E+02  1.0823E+02  1.2022E+00
  4.1157E+00  8.5919E+01  1.9041E+02  1.8591E+02  4.5025E+00 -1.0132E+00
  4.1157E+00  8.5919E+01  0.0000E+00  1.1869E+03  0.0000E+00  0.0000E+00
  4.1157E+00  8.5919E+01  6.0738E+02  4.4636E+02  1.6102E+02  1.3185E+00
  4.1157E+00  8.5919E+01  4.3271E+02  2.8852E+02  1.4419E+02  1.3919E+00
  9.5187E+00  1.8229E+02  0.0000E+00  6.9654E+02  0.0000E+00  0.0000E+00
  9.5187E+00  1.8229E+02  5.6653E+02  6.7808E+02 -1.1155E+02 -2.4429E-03
  9.5187E+00  1.8229E+02  5.2905E+02  6.6026E+02 -1.3121E+02 -3.4620E-01
  9.5187E+00  1.8229E+02  5.1680E+02  6.2644E+02 -1.0964E+02 -1.5783E-01
  9.5187E+00  1.8229E+02  4.4628E+02  5.6554E+02 -1.1926E+02 -5.5012E-01
  9.5187E+00  1.8229E+02  3.6115E+02  4.6637E+02 -1.0522E+02 -7.6144E-01
  9.5187E+00  1.8229E+02  3.2982E+02  3.9080E+02 -6.0976E+01 -2.6496E-01
  9.5187E+00  1.8229E+02  2.2139E+02  3.3273E+02 -1.1134E+02 -1.5651E+00
  9.5187E+00  1.8229E+02  1.7080E+02  2.5236E+02 -8.1559E+01 -1.3011E+00
  9.5187E+00  1.8229E+02  1.8166E+02  1.4420E+02  3.7462E+01  1.3323E+00
  9.5187E+00  1.8229E+02  0.0000E+00  8.4022E+02  0.0000E+00  0.0000E+00
  9.5187E+00  1.8229E+02  3.2780E+02  3.5108E+02 -2.3283E+01  2.7906E-01
  9.5187E+00  1.8229E+02  1.9211E+02  2.1571E+02 -2.3598E+01  4.9778E-02
  4.3626E+00  6.5129E+01  0.0000E+00  1.4331E+03  0.0000E+00  0.0000E+00
  4.3626E+00  6.5129E+01  1.4155E+03  1.3731E+03  4.2401E+01 -3.1861E-01
  4.3626E+00  6.5129E+01  1.4169E+03  1.3162E+03  1.0070E+02  1.8962E-01
  4.3626E+00  6.5129E+01  1.3565E+03  1.2112E+03  1.4530E+02  6.8792E-01
  4.3626E+00  6.5129E+01  1.1643E+03  1.0322E+03  1.3214E+02  8.3243E-01
  4.3626E+00  6.5129E+01  7.4324E+02  7.7039E+02 -2.7146E+01 -7.1148E-01
  4.3626E+00  6.5129E+01  5.5124E+02  5.9809E+02 -4.6852E+01 -9.6892E-01
  4.3626E+00  6.5129E+01  5.6873E+02  4.8337E+02  8.5365E+01  1.3486E+00
  4.3626E+00  6.5129E+01  3.9794E+02  3.5206E+02  4.5885E+01  8.3579E-01
  4.3626E+00  6.5129E+01  2.4278E+02  2.2183E+02  2.0953E+01  3.5201E-01
  4.3626E+00  6.5129E+01  0.0000E+00  1.6544E+03  0.0000E+00  0.0000E+00
  4.3626E+00  6.5129E+01  4.7920E+02  5.2090E+02 -4.1700E+01 -8.8763E-01
  4.3626E+00  6.5129E+01  3.6566E+02  3.5352E+02  1.2141E+01  2.5671E-02
  6.1853E+00  9.8631E+01  0.0000E+00  9.7955E+02  0.0000E+00  0.0000E+00
  6.1853E+00  9.8631E+01  9.5973E+02  9.4946E+02  1.0273E+01 -1.4695E-01
  6.1853E+00  9.8631E+01  1.0435E+03  9.2059E+02  1.2291E+02  1.1267E+00
  6.1853E+00  9.8631E+01  9.5971E+02  8.6633E+02  9.3376E+01  8.8958E-01
  6.1853E+00  9.8631E+01  7.1131E+02  7.7037E+02 -5.9064E+01 -8.8949E-01
  6.1853E+00  9.8631E+01  6.1453E+02  6.1965E+02 -5.1216E+00 -6.2615E-02
  6.1853E+00  9.8631E+01  4.1518E+02  5.1026E+02 -9.5077E+01 -1.4900E+00
  6.1853E+00  9.8631E+01  3.5987E+02  4.3012E+02 -7.0251E+01 -1.0856E+00
  6.1853E+00  9.8631E+01  2.7913E+02  3.2608E+02 -4.6948E+01 -6.4272E-01
  6.1853E+00  9.8631E+01  1.9785E+02  2.0047E+02 -2.6245E+00  3.5796E-01
  6.1853E+00  9.8631E+01  0.0000E+00  1.1794E+03  0.0000E+00  0.0000E+00
  6.1853E+00  9.8631E+01  4.6899E+02  4.7472E+02 -5.7284E+00  4.3923E-01
  6.1853E+00  9.8631E+01  2.4153E+02  3.1529E+02 -7.3764E+01 -9.0662E-01
  4.4253E+00  1.0275E+02  0.0000E+00  1.4564E+03  0.0000E+00  0.0000E+00
  4.4253E+00  1.0275E+02  1.0133E+03  1.3997E+03 -3.8637E+02 -1.1683E-01
  4.4253E+00  1.0275E+02  7.6164E+02  1.3458E+03 -5.8418E+02 -1.8862E+00
  4.4253E+00  1.0275E+02  9.7801E+02  1.2461E+03 -2.6812E+02  3.2587E-01
  4.4253E+00  1.0275E+02  7.4614E+02  1.0751E+03 -3.2899E+02 -9.1371E-01
  4.4253E+00  1.0275E+02  6.0828E+02  8.2227E+02 -2.1399E+02 -9.0276E-01
  4.4253E+00  1.0275E+02  5.3022E+02  6.5329E+02 -1.2307E+02 -5.2746E-01
  4.4253E+00  1.0275E+02  3.9199E+02  5.3917E+02 -1.4718E+02 -1.4714E+00
  4.4253E+00  1.0275E+02  3.0239E+02  4.0633E+02 -1.0394E+02 -1.2586E+00
  4.4253E+00  1.0275E+02  2.9800E+02  2.7200E+02  2.6001E+01  1.4936E+00
  4.4253E+00  1.0275E+02  0.0000E+00  1.7278E+03  0.0000E+00  0.0000E+00
  4.4253E+00  1.0275E+02  5.4380E+02  6.2327E+02 -7.9468E+01 -4.9466E-02
  4.4253E+00  1.0275E+02  3.9315E+02  4.4905E+02 -5.5901E+01  3.5556E-01
  3.0008E+00  5.8386E+01  0.0000E+00  1.3347E+03  0.0000E+00  0.0000E+00
  3.0008E+00  5.8386E+01  1.4989E+03  1.2871E+03  2.1180E+02 -5.2730E-01
  3.0008E+00  5.8386E+01  1.5536E+03  1.2418E+03  3.1184E+02  4.5204E-01
  3.0008E+00  5.8386E+01  1.5695E+03  1.1574E+03  4.1211E+02  1.6718E+00
  3.0008E+00  5.8386E+01  1.2798E+03  1.0112E+03  2.6858E+02  9.1619E-01
  3.0008E+00  5.8386E+01  1.0121E+03  7.9077E+02  2.2133E+02  1.4087E+00
  3.0008E+00  5.8386E+01  6.5152E+02  6.3946E+02  1.2060E+01 -8.4824E-01
  3.0008E+00  5.8386E+01  6.0419E+02  5.3457E+02  6.9619E+01  3.9585E-01
  3.0008E+00  5.8386E+01  4.2720E+02  4.0823E+02  1.8974E+01 -1.6691E-01
  3.0008E+00  5.8386E+01  3.7303E+02  2.7381E+02  9.9218E+01  1.6522E+00
  3.0008E+00  5.8386E+01  0.0000E+00  1.6079E+03  0.0000E+00  0.0000E+00
  3.0008E+00  5.8386E+01  6.3569E+02  6.2707E+02  8.6155E+00 -6.4190E-01
  3.0008E+00  5.8386E+01  4.7395E+02  4.5339E+02  2.0557E+01 -4.8836E-01
  3.6291E+00  5.4506E+01  0.0000E+00  1.4971E+03  0.0000E+00  0.0000E+00
  3.6291E+00  5.4506E+01  2.0246E+03  1.4373E+03  5.8728E+02  2.6896E+00
  3.6291E+00  5.4506E+01  1.3733E+03  1.3806E+03 -7.3478E+00 -1.7209E+00
  3.6291E+00  5.4506E+01  1.6100E+03  1.2759E+03  3.3410E+02  1.2707E+00
  3.6291E+00  5.4506E+01  1.1757E+03  1.0968E+03  7.8930E+01 -5.2239E-01
  3.6291E+00  5.4506E+01  9.1290E+02  8.3347E+02  7.9427E+01  1.7154E-01
  3.6291E+00  5.4506E+01  7.0147E+02  6.5898E+02  4.2492E+01  2.1577E-01
  3.6291E+00  5.4506E+01  5.3042E+02  5.4208E+02 -1.1663E+01 -3.2890E-01
  3.6291E+00  5.4506E+01  4.2397E+02  4.0744E+02  1.6535E+01  4.0815E-01
  3.6291E+00  5.4506E+01  2.3317E+02  2.7335E+02 -4.0175E+01 -8.4113E-01
  3.6291E+00  5.4506E+01  0.0000E+00  1.7698E+03  0.0000E+00  0.0000E+00
  3.6291E+00  5.4506E+01  5.6760E+02  6.2568E+02 -5.8082E+01 -8.1517E-01
  3.6291E+00  5.4506E+01  4.1611E+02  4.5146E+02 -3.5353E+01 -5.5870E-01
  4.6554E+00  8.5113E+01  0.0000E+00  1.4821E+03  0.0000E+00  0.0000E+00
  4.6554E+00  8.5113E+01  1.1763E+03  1.4242E+03 -2.4794E+02 -3.2502E-02
  4.6554E+00  8.5113E+01  9.4208E+02  1.3693E+03 -4.2722E+02 -1.5536E+00
  4.6554E+00  8.5113E+01  1.1236E+03  1.2676E+03 -1.4404E+02  5.1092E-01
  4.6554E+00  8.5113E+01  9.8161E+02  1.0934E+03 -1.1181E+02  4.9180E-01
  4.6554E+00  8.5113E+01  5.6723E+02  8.3624E+02 -2.6901E+02 -1.9757E+00
  4.6554E+00  8.5113E+01  5.7152E+02  6.6481E+02 -9.3292E+01 -2.5868E-01
  4.6554E+00  8.5113E+01  5.0878E+02  5.4934E+02 -4.0559E+01  3.0523E-01
  4.6554E+00  8.5113E+01  2.4187E+02  4.1541E+02 -1.7354E+02 -2.4064E+00
  4.6554E+00  8.5113E+01  2.2522E+02  2.8091E+02 -5.5687E+01 -1.3672E-01
  4.6554E+00  8.5113E+01  0.0000E+00  1.7625E+03  0.0000E+00  0.0000E+00
  4.6554E+00  8.5113E+01  4.8232E+02  6.4116E+02 -1.5884E+02 -1.0073E+00
  4.6554E+00  8.5113E+01  3.8954E+02  4.6640E+02 -7.6860E+01  2.7661E-01
  6.0814E+00  1.3018E+02  0.0000E+00  1.0119E+03  0.0000E+00  0.0000E+00
  6.0814E+00  1.3018E+02  7.6644E+02  9.7874E+02 -2.1230E+02 -3.1601E-01
  6.0814E+00  1.3018E+02  7.1946E+02  9.4701E+02 -2.2755E+02 -5.9787E-01
  6.0814E+00  1.3018E+02  6.8271E+02  8.8752E+02 -2.0481E+02 -5.8103E-01
  6.0814E+00  1.3018E+02  5.8026E+02  7.8285E+02 -2.0259E+02 -1.0166E+00
  6.0814E+00  1.3018E+02  5.9267E+02  6.2013E+02 -2.7461E+01  7.4290E-01
  6.0814E+00  1.3018E+02  4.0905E+02  5.0366E+02 -9.4608E+01 -8.1551E-01
  6.0814E+00  1.3018E+02  3.5152E+02  4.1948E+02 -6.7962E+01 -7.3188E-01
  6.0814E+00  1.3018E+02  2.7799E+02  3.1215E+02 -3.4164E+01 -4.5315E-01
  6.0814E+00  1.3018E+02  1.9130E+02  1.8667E+02  4.6256E+00  2.9373E-01
  6.0814E+00  1.3018E+02  0.0000E+00  1.1980E+03  0.0000E+00  0.0000E+00
  6.0814E+00  1.3018E+02  4.2019E+02  4.4814E+02 -2.7950E+01 -1.3561E-01
  6.0814E+00  1.3018E+02  3.4546E+02  2.8988E+02  5.5578E+01  1.5107E+00
  6.1800E+00  1.1649E+02  0.0000E+00  9.1891E+02  0.0000E+00  0.0000E+00
  6.1800E+00  1.1649E+02  7.9618E+02  8.9066E+02 -9.4477E+01 -5.7543E-01
  6.1800E+00  1.1649E+02  8.3944E+02  8.6354E+02 -2.4098E+01  2.0637E-01
  6.1800E+00  1.1649E+02  7.1555E+02  8.1251E+02 -9.6961E+01 -7.3477E-01
  6.1800E+00  1.1649E+02  6.9976E+02  7.2210E+02 -2.2339E+01  9.9469E-02
  6.1800E+00  1.1649E+02  5.7212E+02  5.7956E+02 -7.4426E+00  1.7375E-01
  6.1800E+00  1.1649E+02  4.9811E+02  4.7558E+02  2.2528E+01  6.0042E-01
  6.1800E+00  1.1649E+02  4.7992E+02  3.9903E+02  8.0893E+01  1.7059E+00
  6.1800E+00  1.1649E+02  2.4836E+02  2.9896E+02 -5.0601E+01 -1.0591E+00
  6.1800E+00  1.1649E+02  1.0268E+02  1.7699E+02 -7.4307E+01 -1.8205E+00
  6.1800E+00  1.1649E+02  0.0000E+00  1.0953E+03  0.0000E+00  0.0000E+00
  6.1800E+00  1.1649E+02  3.6600E+02  4.2619E+02 -6.0194E+01 -1.0863E+00
  6.1800E+00  1.1649E+02  3.5518E+02  2.7269E+02  8.2489E+01  1.8560E+00
  4.4465E+00  6.9692E+01  0.0000E+00  1.0563E+03  0.0000E+00  0.0000E+00
  4.4465E+00  6.9692E+01  1.4515E+03  1.0208E+03  4.3071E+02  1.4665E+00
  4.4465E+00  6.9692E+01  1.3329E+03  9.8679E+02  3.4611E+02  7.8104E-01
  4.4465E+00  6.9692E+01  1.3379E+03  9.2315E+02  4.1475E+02  1.9004E+00
  4.4465E+00  6.9692E+01  9.4601E+02  8.1154E+02  1.3447E+02 -7.6390E-01
  4.4465E+00  6.9692E+01  7.4169E+02  6.3914E+02  1.0255E+02 -3.7401E-01
  4.4465E+00  6.9692E+01  5.1778E+02  5.1680E+02  9.8498E-01 -1.4356E+00
  4.4465E+00  6.9692E+01  4.9300E+02  4.2912E+02  6.3876E+01  7.4845E-02
  4.4465E+00  6.9692E+01  3.0902E+02  3.1860E+02 -9.5774E+00 -9.9543E-01
  4.4465E+00  6.9692E+01  2.4272E+02  1.9174E+02  5.0977E+01  5.3871E-01
  4.4465E+00  6.9692E+01  0.0000E+00  1.2475E+03  0.0000E+00  0.0000E+00
  4.4465E+00  6.9692E+01  5.5956E+02  4.5922E+02  1.0034E+02  6.9837E-01
  4.4465E+00  6.9692E+01  4.0933E+02  2.9897E+02  1.1036E+02  1.2939E+00
  7.9388E+00  1.4996E+02  0.0000E+00  6.6300E+02  0.0000E+00  0.0000E+00
  7.9388E+00  1.4996E+02  6.4161E+02  6.4609E+02 -4.4751E+00 -1.4410E-01
  7.9388E+00  1.4996E+02  6.3296E+02  6.2974E+02  3.2231E+00 -3.1729E-02
  7.9388E+00  1.4996E+02  6.1362E+02  5.9867E+02  1.4949E+01  1.4894E-01
  7.9388E+00  1.4996E+02  4.9143E+02  5.4253E+02 -5.1099E+01 -9.2250E-01
  7.9388E+00  1.4996E+02  5.3800E+02  4.5052E+02  8.7479E+01  1.5130E+00
  7.9388E+00  1.4996E+02  4.0908E+02  3.7978E+02  2.9296E+01  4.9099E-01
  7.9388E+00  1.4996E+02  3.0697E+02  3.2497E+02 -1.7998E+01 -4.7680E-01
  7.9388E+00  1.4996E+02  2.2988E+02  2.4820E+02 -1.8317E+01 -5.1927E-01
  7.9388E+00  1.4996E+02  1.6031E+02  1.4258E+02  1.7729E+01  3.5489E-01
  7.9388E+00  1.4996E+02  0.0000E+00  8.0507E+02  0.0000E+00  0.0000E+00
  7.9388E+00  1.4996E+02  3.5207E+02  3.4570E+02  6.3710E+00 -1.5004E-02
  7.9388E+00  1.4996E+02  2.2876E+02  2.1317E+02  1.5591E+01  2.2139E-01
  6.2673E+00  1.0196E+02  0.0000E+00  8.9336E+02  0.0000E+00  0.0000E+00
  6.2673E+00  1.0196E+02  1.0052E+03  8.6614E+02  1.3906E+02  8.1855E-01
  6.2673E+00  1.0196E+02  9.4876E+02  8.4001E+02  1.0875E+02  5.1841E-01
  6.2673E+00  1.0196E+02  7.9173E+02  7.9079E+02  9.3745E-01 -7.3012E-01
  6.2673E+00  1.0196E+02  8.0978E+02  7.0347E+02  1.0631E+02  8.0772E-01
  6.2673E+00  1.0196E+02  5.1670E+02  5.6543E+02 -4.8726E+01 -1.2786E+00
  6.2673E+00  1.0196E+02  4.7943E+02  4.6434E+02  1.5087E+01 -8.7334E-02
  6.2673E+00  1.0196E+02  4.8334E+02  3.8965E+02  9.3692E+01  1.5920E+00
  6.2673E+00  1.0196E+02  3.0426E+02  2.9153E+02  1.2727E+01  1.4704E-01
  6.2673E+00  1.0196E+02  1.7540E+02  1.7100E+02  4.3995E+00  3.9047E-02
  6.2673E+00  1.0196E+02  0.0000E+00  1.0638E+03  0.0000E+00  0.0000E+00
  6.2673E+00  1.0196E+02  3.8195E+02  4.1342E+02 -3.1471E+01 -7.6702E-01
  6.2673E+00  1.0196E+02  2.6844E+02  2.6205E+02  6.3913E+00  3.6163E-02
  4.2243E+00  1.0381E+02  0.0000E+00  1.2094E+03  0.0000E+00  0.0000E+00
  4.2243E+00  1.0381E+02  9.1927E+02  1.1694E+03 -2.5016E+02 -5.8301E-01
  4.2243E+00  1.0381E+02  1.0162E+03  1.1312E+03 -1.1503E+02  5.6827E-01
  4.2243E+00  1.0381E+02  8.3158E+02  1.0599E+03 -2.2828E+02 -6.9791E-01
  4.2243E+00  1.0381E+02  6.8650E+02  9.3510E+02 -2.4860E+02 -1.3448E+00
  4.2243E+00  1.0381E+02  6.8069E+02  7.4366E+02 -6.2974E+01  2.5840E-01
  4.2243E+00  1.0381E+02  5.4727E+02  6.0910E+02 -6.1834E+01 -1.0324E-01
  4.2243E+00  1.0381E+02  3.9618E+02  5.1363E+02 -1.1745E+02 -1.3426E+00
  4.2243E+00  1.0381E+02  3.4742E+02  3.9497E+02 -4.7545E+01 -4.4526E-01
  4.2243E+00  1.0381E+02  2.4179E+02  2.6210E+02 -2.0310E+01  1.8352E-02
  4.2243E+00  1.0381E+02  0.0000E+00  1.4709E+03  0.0000E+00  0.0000E+00
  4.2243E+00  1.0381E+02  5.2893E+02  6.0242E+02 -7.3487E+01 -4.5633E-01
  4.2243E+00  1.0381E+02  4.4455E+02  4.3134E+02  1.3212E+01  9.7635E-01
  5.9814E+00  1.2300E+02  0.0000E+00  1.0020E+03  0.0000E+00  0.0000E+00
  5.9814E+00  1.2300E+02  6.8725E+02  9.6953E+02 -2.8228E+02 -1.4625E+00
  5.9814E+00  1.2300E+02  7.8551E+02  9.3841E+02 -1.5290E+02 -1.7378E-01
  5.9814E+00  1.2300E+02  8.0409E+02  8.8003E+02 -7.5935E+01  5.3783E-01
  5.9814E+00  1.2300E+02  6.1869E+02  7.7721E+02 -1.5852E+02 -7.8200E-01
  5.9814E+00  1.2300E+02  6.4530E+02  6.1705E+02  2.8247E+01  1.3490E+00
  5.9814E+00  1.2300E+02  3.6659E+02  5.0212E+02 -1.3553E+02 -1.6989E+00
  5.9814E+00  1.2300E+02  3.4428E+02  4.1884E+02 -7.4562E+01 -9.8282E-01
  5.9814E+00  1.2300E+02  2.9213E+02  3.1230E+02 -2.0170E+01 -2.2445E-01
  5.9814E+00  1.2300E+02  2.3241E+02  1.8701E+02  4.5397E+01  1.2293E+00
  5.9814E+00  1.2300E+02  0.0000E+00  1.1885E+03  0.0000E+00  0.0000E+00
  5.9814E+00  1.2300E+02  4.7555E+02  4.4859E+02  2.6965E+01  7.6912E-01
  5.9814E+00  1.2300E+02  2.8476E+02  2.9052E+02 -5.7631E+00  6.7830E-02
  6.0171E+00  8.3763E+01  0.0000E+00  1.0002E+03  0.0000E+00  0.0000E+00
  6.0171E+00  8.3763E+01  1.1739E+03  9.6932E+02  2.0458E+02  7.8384E-01
  6.0171E+00  8.3763E+01  1.0934E+03  9.3973E+02  1.5367E+02  3.3850E-01
  6.0171E+00  8.3763E+01  1.1853E+03  8.8414E+02  3.0116E+02  2.2318E+00
  6.0171E+00  8.3763E+01  8.4922E+02  7.8592E+02  6.3297E+01 -2.2027E-01
  6.0171E+00  8.3763E+01  5.6026E+02  6.3193E+02 -7.1668E+01 -1.6832E+00
  6.0171E+00  8.3763E+01  5.4130E+02  5.2044E+02  2.0864E+01  9.0807E-02
  6.0171E+00  8.3763E+01  3.4517E+02  4.3896E+02 -9.3794E+01 -1.7390E+00
  6.0171E+00  8.3763E+01  3.4035E+02  3.3354E+02  6.8092E+00  4.6971E-01
  6.0171E+00  8.3763E+01  1.5098E+02  2.0697E+02 -5.5988E+01 -8.4377E-01
  6.0171E+00  8.3763E+01  0.0000E+00  1.2066E+03  0.0000E+00  0.0000E+00
  6.0171E+00  8.3763E+01  3.4837E+02  4.8821E+02 -1.3984E+02 -1.9061E+00
  6.0171E+00  8.3763E+01  3.0555E+02  3.2724E+02 -2.1692E+01  3.4039E-01
  5.8960E+00  8.1944E+01  0.0000E+00  8.6638E+02  0.0000E+00  0.0000E+00
  5.8960E+00  8.1944E+01  1.1998E+03  8.4037E+02  3.5943E+02  1.1939E+00
  5.8960E+00  8.1944E+01  1.0222E+03  8.1538E+02  2.0682E+02 -4.9065E-01
  5.8960E+00  8.1944E+01  1.0646E+03  7.6828E+02  2.9632E+02  9.4484E-01
  5.8960E+00  8.1944E+01  1.0053E+03  6.8455E+02  3.2075E+02  1.9622E+00
  5.8960E+00  8.1944E+01  6.7742E+02  5.5172E+02  1.2570E+02  1.1927E-01
  5.8960E+00  8.1944E+01  5.5469E+02  4.5398E+02  1.0071E+02  4.3579E-01
  5.8960E+00  8.1944E+01  5.6975E+02  3.8142E+02  1.8833E+02  2.7504E+00
  5.8960E+00  8.1944E+01  2.9574E+02  2.8550E+02  1.0240E+01 -2.8671E-01
  5.8960E+00  8.1944E+01  1.6019E+02  1.6642E+02 -6.2329E+00 -3.9781E-01
  5.8960E+00  8.1944E+01  0.0000E+00  1.0323E+03  0.0000E+00  0.0000E+00
  5.8960E+00  8.1944E+01  4.1274E+02  4.0333E+02  9.4053E+00 -4.4572E-01
  5.8960E+00  8.1944E+01  1.7732E+02  2.5399E+02 -7.6666E+01 -2.1317E+00
  4.3675E+00  8.8936E+01  0.0000E+00  1.0387E+03  0.0000E+00  0.0000E+00
  4.3675E+00  8.8936E+01  9.7866E+02  1.0058E+03 -2.7156E+01 -1.0077E+00
  4.3675E+00  8.8936E+01  1.1075E+03  9.7434E+02  1.3316E+02  6.9656E-01
  4.3675E+00  8.8936E+01  1.1236E+03  9.1529E+02  2.0831E+02  1.6389E+00
  4.3675E+00  8.8936E+01  8.8544E+02  8.1123E+02  7.4209E+01  2.6996E-01
  4.3675E+00  8.8936E+01  5.9580E+02  6.4898E+02 -5.3184E+01 -1.3469E+00
  4.3675E+00  8.8936E+01  5.1740E+02  5.3240E+02 -1.4997E+01 -7.5428E-01
  4.3675E+00  8.8936E+01  4.8523E+02  4.4783E+02  3.7405E+01  2.3094E-01
  4.3675E+00  8.8936E+01  4.5055E+02  3.3947E+02  1.1108E+02  1.9059E+00
  4.3675E+00  8.8936E+01  2.1777E+02  2.1155E+02  6.2182E+00 -2.6701E-01
  4.3675E+00  8.8936E+01  0.0000E+00  1.2496E+03  0.0000E+00  0.0000E+00
  4.3675E+00  8.8936E+01  5.3960E+02  4.9839E+02  4.1215E+01  1.2203E-01
  4.3675E+00  8.8936E+01  3.9485E+02  3.3558E+02  5.9274E+01  5.8698E-01
  4.7594E+00  9.5984E+01  0.0000E+00  9.5258E+02  0.0000E+00  0.0000E+00
  4.7594E+00  9.5984E+01  9.1926E+02  9.2469E+02 -5.4264E+00 -8.5629E-01
  4.7594E+00  9.5984E+01  1.0906E+03  8.9790E+02  1.9270E+02  1.4090E+00
  4.7594E+00  9.5984E+01  9.4626E+02  8.4745E+02  9.8814E+01  4.3508E-01
  4.7594E+00  9.5984E+01  8.5029E+02  7.5788E+02  9.2408E+01  5.3403E-01
  4.7594E+00  9.5984E+01  6.2700E+02  6.1616E+02  1.0835E+01 -3.7165E-01
  4.7594E+00  9.5984E+01  4.8514E+02  5.1228E+02 -2.7138E+01 -8.8761E-01
  4.7594E+00  9.5984E+01  4.9130E+02  4.3544E+02  5.5865E+01  7.0675E-01
  4.7594E+00  9.5984E+01  2.8188E+02  3.3436E+02 -5.2484E+01 -1.3413E+00
  4.7594E+00  9.5984E+01  2.8594E+02  2.0949E+02  7.6452E+01  1.6396E+00
  4.7594E+00  9.5984E+01  0.0000E+00  1.1615E+03  0.0000E+00  0.0000E+00
  4.7594E+00  9.5984E+01  4.6512E+02  4.9152E+02 -2.6403E+01 -7.7469E-01
  4.7594E+00  9.5984E+01  3.8225E+02  3.3232E+02  4.9929E+01  7.5796E-01
  4.7008E+00  8.6349E+01  0.0000E+00  1.3153E+03  0.0000E+00  0.0000E+00
  4.7008E+00  8.6349E+01  1.0732E+03  1.2649E+03 -1.9166E+02 -6.8252E-01
  4.7008E+00  8.6349E+01  1.1588E+03  1.2169E+03 -5.8107E+01  4.0203E-01
  4.7008E+00  8.6349E+01  1.0554E+03  1.1279E+03 -7.2526E+01  1.7900E-01
  4.7008E+00  8.6349E+01  9.3004E+02  9.7454E+02 -4.4504E+01  2.7913E-01
  4.7008E+00  8.6349E+01  5.0901E+02  7.4549E+02 -2.3648E+02 -2.5890E+00
  4.7008E+00  8.6349E+01  5.1978E+02  5.9030E+02 -7.0516E+01 -7.2147E-01
  4.7008E+00  8.6349E+01  4.8362E+02  4.8401E+02 -3.9355E-01  2.6141E-01
  4.7008E+00  8.6349E+01  3.3166E+02  3.5785E+02 -2.6190E+01 -3.6839E-01
  4.7008E+00  8.6349E+01  2.6209E+02  2.2602E+02  3.6069E+01  1.0346E+00
  4.7008E+00  8.6349E+01  0.0000E+00  1.5407E+03  0.0000E+00  0.0000E+00
  4.7008E+00  8.6349E+01  5.7057E+02  5.3045E+02  4.0120E+01  9.3677E-01
  4.7008E+00  8.6349E+01  3.3681E+02  3.6159E+02 -2.4777E+01 -2.0865E-01
  3.7131E+00  7.7774E+01  0.0000E+00  1.4536E+03  0.0000E+00  0.0000E+00
  3.7131E+00  7.7774E+01  1.1865E+03  1.3986E+03 -2.1205E+02 -6.7101E-01
  3.7131E+00  7.7774E+01  1.2613E+03  1.3463E+03 -8.4956E+01  2.6320E-01
  3.7131E+00  7.7774E+01  1.2853E+03  1.2493E+03  3.5964E+01  1.2073E+00
  3.7131E+00  7.7774E+01  8.4873E+02  1.0827E+03 -2.3397E+02 -1.4704E+00
  3.7131E+00  7.7774E+01  6.8028E+02  8.3516E+02 -1.5488E+02 -1.2303E+00
  3.7131E+00  7.7774E+01  6.1133E+02  6.6876E+02 -5.7431E+01 -2.9455E-01
  3.7131E+00  7.7774E+01  5.2708E+02  5.5576E+02 -2.8679E+01 -1.1573E-02
  3.7131E+00  7.7774E+01  3.3294E+02  4.2334E+02 -9.0398E+01 -1.3081E+00
  3.7131E+00  7.7774E+01  2.7171E+02  2.8853E+02 -1.6822E+01  1.1598E-01
  3.7131E+00  7.7774E+01  0.0000E+00  1.7415E+03  0.0000E+00  0.0000E+00
  3.7131E+00  7.7774E+01  5.9982E+02  6.5674E+02 -5.6922E+01 -2.3189E-01
  3.7131E+00  7.7774E+01  4.6849E+02  4.8170E+02 -1.3205E+01  4.9698E-01
  5.5928E+00  8.6947E+01  0.0000E+00  1.1316E+03  0.0000E+00  0.0000E+00
  5.5928E+00  8.6947E+01  1.2041E+03  1.0916E+03  1.1251E+02  9.4306E-01
  5.5928E+00  8.6947E+01  1.1339E+03  1.0534E+03  8.0512E+01  6.6892E-01
  5.5928E+00  8.6947E+01  8.7714E+02  9.8209E+02 -1.0495E+02 -1.2214E+00
  5.5928E+00  8.6947E+01  8.0027E+02  8.5777E+02 -5.7502E+01 -7.5879E-01
  5.5928E+00  8.6947E+01  6.5278E+02  6.6793E+02 -1.5147E+01 -2.2624E-01
  5.5928E+00  8.6947E+01  5.5803E+02  5.3530E+02  2.2728E+01  4.2943E-01
  5.5928E+00  8.6947E+01  5.1145E+02  4.4170E+02  6.9747E+01  1.3903E+00
  5.5928E+00  8.6947E+01  2.9233E+02  3.2607E+02 -3.3744E+01 -5.7405E-01
  5.5928E+00  8.6947E+01  2.0345E+02  1.9763E+02  5.8160E+00  2.9554E-01
  5.5928E+00  8.6947E+01  0.0000E+00  1.3287E+03  0.0000E+00  0.0000E+00
  5.5928E+00  8.6947E+01  4.9931E+02  4.7215E+02  2.7156E+01  6.9036E-01
  5.5928E+00  8.6947E+01  2.1035E+02  3.0953E+02 -9.9184E+01 -1.8906E+00
  3.8057E+00  5.9212E+01  0.0000E+00  1.3410E+03  0.0000E+00  0.0000E+00
  3.8057E+00  5.9212E+01  1.6415E+03  1.2906E+03  3.5086E+02  8.7822E-01
  3.8057E+00  5.9212E+01  1.3401E+03  1.2427E+03  9.7391E+01 -1.1354E+00
  3.8057E+00  5.9212E+01  1.4527E+03  1.1537E+03  2.9897E+02  8.9731E-01
  3.8057E+00  5.9212E+01  1.3350E+03  1.0002E+03  3.3481E+02  1.8895E+00
  3.8057E+00  5.9212E+01  9.1333E+02  7.7047E+02  1.4286E+02  7.1430E-01
  3.8057E+00  5.9212E+01  7.1021E+02  6.1447E+02  9.5743E+01  7.1254E-01
  3.8057E+00  5.9212E+01  5.3953E+02  5.0740E+02  3.2131E+01  7.4344E-02
  3.8057E+00  5.9212E+01  3.4076E+02  3.8001E+02 -3.9250E+01 -1.0201E+00
  3.8057E+00  5.9212E+01  1.8244E+02  2.4659E+02 -6.4147E+01 -1.7376E+00
  3.8057E+00  5.9212E+01  0.0000E+00  1.5870E+03  0.0000E+00  0.0000E+00
  3.8057E+00  5.9212E+01  5.6348E+02  5.7219E+02 -8.7073E+00 -5.2209E-01
  3.8057E+00  5.9212E+01  4.4328E+02  4.0043E+02  4.2848E+01  4.2640E-01
  3.6930E+00  7.8471E+01  0.0000E+00  1.3618E+03  0.0000E+00  0.0000E+00
  3.6930E+00  7.8471E+01  1.1224E+03  1.3092E+03 -1.8683E+02 -9.7747E-01
  3.6930E+00  7.8471E+01  1.0727E+03  1.2593E+03 -1.8658E+02 -1.0599E+00
  3.6930E+00  7.8471E+01  1.2558E+03  1.1667E+03  8.9124E+01  1.2779E+00
  3.6930E+00  7.8471E+01  9.4212E+02  1.0073E+03 -6.5203E+01 -3.2872E-01
  3.6930E+00  7.8471E+01  8.8688E+02  7.7017E+02  1.1671E+02  1.6296E+00
  3.6930E+00  7.8471E+01  5.5762E+02  6.1028E+02 -5.2657E+01 -8.8430E-01
  3.6930E+00  7.8471E+01  4.9699E+02  5.0130E+02 -4.3103E+00 -2.9045E-01
  3.6930E+00  7.8471E+01  4.0089E+02  3.7280E+02  2.8095E+01  2.1376E-01
  3.6930E+00  7.8471E+01  3.2822E+02  2.3992E+02  8.8304E+01  1.6654E+00
  3.6930E+00  7.8471E+01  0.0000E+00  1.6011E+03  0.0000E+00  0.0000E+00
  3.6930E+00  7.8471E+01  6.4563E+02  5.5859E+02  8.7042E+01  9.2650E-01
  3.6930E+00  7.8471E+01  4.0776E+02  3.8763E+02  2.0125E+01 -1.9486E-01
  4.9143E+00  5.7068E+01  0.0000E+00  1.1844E+03  0.0000E+00  0.0000E+00
  4.9143E+00  5.7068E+01  1.9097E+03  1.1411E+03  7.6855E+02  3.5188E+00
  4.9143E+00  5.7068E+01  1.5883E+03  1.0999E+03  4.8841E+02  1.1916E+00
  4.9143E+00  5.7068E+01  1.1315E+03  1.0231E+03  1.0844E+02 -2.1469E+00
  4.9143E+00  5.7068E+01  1.2078E+03  8.8964E+02  3.1816E+02  8.6811E-01
  4.9143E+00  5.7068E+01  9.1894E+02  6.8747E+02  2.3147E+02  1.3560E+00
  4.9143E+00  5.7068E+01  6.1536E+02  5.4773E+02  6.7627E+01 -5.6511E-02
  4.9143E+00  5.7068E+01  4.1957E+02  4.5014E+02 -3.0570E+01 -1.2017E+00
  4.9143E+00  5.7068E+01  2.6771E+02  3.3123E+02 -6.3523E+01 -1.4660E+00
  4.9143E+00  5.7068E+01  1.7791E+02  2.0198E+02 -2.4069E+01 -6.5478E-01
  4.9143E+00  5.7068E+01  0.0000E+00  1.3858E+03  0.0000E+00  0.0000E+00
  4.9143E+00  5.7068E+01  5.4497E+02  4.8136E+02  6.3605E+01  9.0105E-01
  4.9143E+00  5.7068E+01  2.5007E+02  3.1738E+02 -6.7306E+01 -1.5702E+00
  4.7617E+00  7.0262E+01  0.0000E+00  9.5014E+02  0.0000E+00  0.0000E+00
  4.7617E+00  7.0262E+01  1.3777E+03  9.2016E+02  4.5754E+02  1.1422E+00
  4.7617E+00  7.0262E+01  1.3000E+03  8.9141E+02  4.0859E+02  8.1624E-01
  4.7617E+00  7.0262E+01  1.2612E+03  8.3739E+02  4.2381E+02  1.4386E+00
  4.7617E+00  7.0262E+01  1.0313E+03  7.4193E+02  2.8937E+02  5.5635E-01
  4.7617E+00  7.0262E+01  7.8808E+02  5.9222E+02  1.9586E+02  5.0381E-01
  4.7617E+00  7.0262E+01  6.3863E+02  4.8379E+02  1.5484E+02  8.0103E-01
  4.7617E+00  7.0262E+01  5.4871E+02  4.0451E+02  1.4420E+02  1.3283E+00
  4.7617E+00  7.0262E+01  3.0063E+02  3.0186E+02 -1.2286E+00 -9.6262E-01
  4.7617E+00  7.0262E+01  2.6380E+02  1.7873E+02  8.5068E+01  1.3954E+00
  4.7617E+00  7.0262E+01  0.0000E+00  1.1283E+03  0.0000E+00  0.0000E+00
  4.7617E+00  7.0262E+01  5.2789E+02  4.3066E+02  9.7232E+01  5.5407E-01
  4.7617E+00  7.0262E+01  2.4153E+02  2.7572E+02 -3.4192E+01 -1.8642E+00
  5.4177E+00  9.1342E+01  0.0000E+00  1.0076E+03  0.0000E+00  0.0000E+00
  5.4177E+00  9.1342E+01  1.0715E+03  9.7487E+02  9.6632E+01  2.7437E-01
  5.4177E+00  9.1342E+01  9.5360E+02  9.4354E+02  1.0057E+01 -6.2273E-01
  5.4177E+00  9.1342E+01  1.0445E+03  8.8479E+02  1.5971E+02  1.1400E+00
  5.4177E+00  9.1342E+01  8.4495E+02  7.8135E+02  6.3599E+01  1.8087E-01
  5.4177E+00  9.1342E+01  6.5166E+02  6.2030E+02  3.1359E+01 -2.4457E-02
  5.4177E+00  9.1342E+01  5.1928E+02  5.0480E+02  1.4484E+01 -1.3918E-01
  5.4177E+00  9.1342E+01  4.3388E+02  4.2116E+02  1.2722E+01 -6.4999E-02
  5.4177E+00  9.1342E+01  3.3849E+02  3.1424E+02  2.4250E+01  3.0402E-01
  5.4177E+00  9.1342E+01  1.6987E+02  1.8867E+02 -1.8799E+01 -6.4149E-01
  5.4177E+00  9.1342E+01  0.0000E+00  1.1957E+03  0.0000E+00  0.0000E+00
  5.4177E+00  9.1342E+01  4.9144E+02  4.5203E+02  3.9410E+01  4.1645E-01
  5.4177E+00  9.1342E+01  3.0790E+02  2.9351E+02  1.4388E+01  2.2917E-02
  8.8461E+00  2.0102E+02  0.0000E+00  6.0663E+02  0.0000E+00  0.0000E+00
  8.8461E+00  2.0102E+02  5.2313E+02  5.9182E+02 -6.8687E+01  2.1879E-01
  8.8461E+00  2.0102E+02  4.4475E+02  5.7748E+02 -1.3273E+02 -8.4118E-01
  8.8461E+00  2.0102E+02  4.2934E+02  5.5018E+02 -1.2084E+02 -7.8485E-01
  8.8461E+00  2.0102E+02  4.1870E+02  5.0061E+02 -8.1914E+01 -3.6918E-01
  8.8461E+00  2.0102E+02  3.6154E+02  4.1868E+02 -5.7135E+01 -2.9760E-01
  8.8461E+00  2.0102E+02  2.7678E+02  3.5494E+02 -7.8157E+01 -1.0303E+00
  8.8461E+00  2.0102E+02  3.2488E+02  3.0498E+02  1.9901E+01  8.2811E-01
  8.8461E+00  2.0102E+02  2.1953E+02  2.3392E+02 -1.4394E+01 -1.7134E-01
  8.8461E+00  2.0102E+02  1.7210E+02  1.3342E+02  3.8681E+01  9.4746E-01
  8.8461E+00  2.0102E+02  0.0000E+00  7.3955E+02  0.0000E+00  0.0000E+00
  8.8461E+00  2.0102E+02  3.9130E+02  3.2387E+02  6.7428E+01  1.5467E+00
  8.8461E+00  2.0102E+02  1.6965E+02  1.9776E+02 -2.8115E+01 -7.5879E-01
  6.1542E+00  7.3818E+01  0.0000E+00  1.2551E+03  0.0000E+00  0.0000E+00
  6.1542E+00  7.3818E+01  1.4139E+03  1.2100E+03  2.0386E+02  1.4501E+00
  6.1542E+00  7.3818E+01  1.0664E+03  1.1671E+03 -1.0067E+02 -1.2167E+00
  6.1542E+00  7.3818E+01  1.3237E+03  1.0871E+03  2.3664E+02  2.0672E+00
  6.1542E+00  7.3818E+01  8.8812E+02  9.4821E+02 -6.0091E+01 -7.1725E-01
  6.1542E+00  7.3818E+01  6.7673E+02  7.3808E+02 -6.1352E+01 -5.5529E-01
  6.1542E+00  7.3818E+01  4.1522E+02  5.9313E+02 -1.7791E+02 -2.2288E+00
  6.1542E+00  7.3818E+01  4.6701E+02  4.9210E+02 -2.5095E+01  3.3130E-01
  6.1542E+00  7.3818E+01  2.1254E+02  3.6943E+02 -1.5689E+02 -2.1495E+00
  6.1542E+00  7.3818E+01  8.9253E+01  2.3678E+02 -1.4752E+02 -2.2741E+00
  6.1542E+00  7.3818E+01  0.0000E+00  1.4913E+03  0.0000E+00  0.0000E+00
  6.1542E+00  7.3818E+01  3.7015E+02  5.5218E+02 -1.8203E+02 -1.5073E+00
  6.1542E+00  7.3818E+01  3.0820E+02  3.8209E+02 -7.3889E+01  3.3368E-01
  6.0288E+00  1.7205E+02  0.0000E+00  1.0847E+03  0.0000E+00  0.0000E+00
  6.0288E+00  1.7205E+02  5.6591E+02  1.0503E+03 -4.8434E+02 -8.2372E-01
  6.0288E+00  1.7205E+02  6.4291E+02  1.0172E+03 -3.7434E+02  7.3213E-02
  6.0288E+00  1.7205E+02  5.4217E+02  9.5537E+02 -4.1320E+02 -7.4378E-01
  6.0288E+00  1.7205E+02  3.8937E+02  8.4652E+02 -4.5715E+02 -2.1128E+00
  6.0288E+00  1.7205E+02  4.6586E+02  6.7740E+02 -2.1154E+02 -3.4169E-01
  6.0288E+00  1.7205E+02  2.4903E+02  5.5644E+02 -3.0741E+02 -2.9092E+00
  6.0288E+00  1.7205E+02  2.5313E+02  4.6913E+02 -2.1600E+02 -2.2228E+00
  6.0288E+00  1.7205E+02  3.3978E+02  3.5800E+02 -1.8216E+01  8.3090E-01
  6.0288E+00  1.7205E+02  2.1222E+02  2.2826E+02 -1.6043E+01  7.0189E-01
  6.0288E+00  1.7205E+02  0.0000E+00  1.3124E+03  0.0000E+00  0.0000E+00
  6.0288E+00  1.7205E+02  3.7461E+02  5.3271E+02 -1.5810E+02 -9.7753E-01
  6.0288E+00  1.7205E+02  3.6219E+02  3.6684E+02 -4.6452E+00  1.5829E+00
  6.1139E+00  1.6243E+02  0.0000E+00  7.9651E+02  0.0000E+00  0.0000E+00
  6.1139E+00  1.6243E+02  5.3084E+02  7.7513E+02 -2.4429E+02 -1.3551E+00
  6.1139E+00  1.6243E+02  5.7167E+02  7.5452E+02 -1.8285E+02 -6.6892E-01
  6.1139E+00  1.6243E+02  6.2107E+02  7.1551E+02 -9.4440E+01  3.3689E-01
  6.1139E+00  1.6243E+02  5.5170E+02  6.4555E+02 -9.3848E+01  5.7235E-02
  6.1139E+00  1.6243E+02  4.3602E+02  5.3259E+02 -9.6575E+01 -5.3143E-01
  6.1139E+00  1.6243E+02  3.8678E+02  4.4749E+02 -6.0712E+01 -3.4564E-01
  6.1139E+00  1.6243E+02  3.4274E+02  3.8283E+02 -4.0086E+01 -2.6682E-01
  6.1139E+00  1.6243E+02  2.6412E+02  2.9461E+02 -3.0490E+01 -4.4876E-01
  6.1139E+00  1.6243E+02  2.1733E+02  1.7842E+02  3.8907E+01  9.4826E-01
  6.1139E+00  1.6243E+02  0.0000E+00  9.7437E+02  0.0000E+00  0.0000E+00
  6.1139E+00  1.6243E+02  3.9486E+02  4.2348E+02 -2.8617E+01 -3.5128E-01
  6.1139E+00  1.6243E+02  3.5447E+02  2.7612E+02  7.8354E+01  1.7131E+00
  5.4180E+00  9.7621E+01  0.0000E+00  8.8518E+02  0.0000E+00  0.0000E+00
  5.4180E+00  9.7621E+01  8.1531E+02  8.5987E+02 -4.4560E+01 -1.6438E+00
  5.4180E+00  9.7621E+01  9.9546E+02  8.3553E+02  1.5993E+02  8.2929E-01
  5.4180E+00  9.7621E+01  8.6363E+02  7.8960E+02  7.4027E+01 -1.0985E-01
  5.4180E+00  9.7621E+01  9.5545E+02  7.0778E+02  2.4767E+02  2.4595E+00
  5.4180E+00  9.7621E+01  7.1181E+02  5.7737E+02  1.3444E+02  1.3935E+00
  5.4180E+00  9.7621E+01  4.7050E+02  4.8084E+02 -1.0335E+01 -7.4675E-01
  5.4180E+00  9.7621E+01  4.4421E+02  4.0874E+02  3.5475E+01  2.5609E-01
  5.4180E+00  9.7621E+01  3.1418E+02  3.1265E+02  1.5306E+00 -2.2943E-01
  5.4180E+00  9.7621E+01  2.5694E+02  1.9124E+02  6.5698E+01  1.4372E+00
  5.4180E+00  9.7621E+01  0.0000E+00  1.0759E+03  0.0000E+00  0.0000E+00
  5.4180E+00  9.7621E+01  4.8758E+02  4.5295E+02  3.4631E+01  3.0560E-01
  5.4180E+00  9.7621E+01  2.2976E+02  2.9887E+02 -6.9114E+01 -1.7505E+00
  6.0855E+00  1.4584E+02  0.0000E+00  6.4276E+02  0.0000E+00  0.0000E+00
  6.0855E+00  1.4584E+02  6.8956E+02  6.2652E+02  6.3041E+01  3.7186E-01
  6.0855E+00  1.4584E+02  5.7541E+02  6.1081E+02 -3.5405E+01 -1.1140E+00
  6.0855E+00  1.4584E+02  5.6723E+02  5.8095E+02 -1.3723E+01 -8.1401E-01
  6.0855E+00  1.4584E+02  6.4938E+02  5.2692E+02  1.2246E+02  1.4053E+00
  6.0855E+00  1.4584E+02  5.1386E+02  4.3814E+02  7.5716E+01  6.8633E-01
  6.0855E+00  1.4584E+02  4.2847E+02  3.6966E+02  5.8806E+01  3.9939E-01
  6.0855E+00  1.4584E+02  3.2690E+02  3.1642E+02  1.0476E+01 -6.0971E-01
  6.0855E+00  1.4584E+02  3.0649E+02  2.4154E+02  6.4952E+01  6.1971E-01
  6.0855E+00  1.4584E+02  2.4173E+02  1.3777E+02  1.0396E+02  1.7681E+00
  6.0855E+00  1.4584E+02  0.0000E+00  7.8003E+02  0.0000E+00  0.0000E+00
  6.0855E+00  1.4584E+02  4.8980E+02  3.3498E+02  1.5482E+02  1.8839E+00
  6.0855E+00  1.4584E+02  2.8884E+02  2.0495E+02  8.3888E+01  6.1453E-01
  3.4710E+00  6.7526E+01  0.0000E+00  8.8529E+02  0.0000E+00  0.0000E+00
  3.4710E+00  6.7526E+01  1.3616E+03  8.5840E+02  5.0320E+02  6.4293E-01
  3.4710E+00  6.7526E+01  1.4383E+03  8.3257E+02  6.0573E+02  2.1247E+00
  3.4710E+00  6.7526E+01  1.3560E+03  7.8392E+02  5.7208E+02  2.2515E+00
  3.4710E+00  6.7526E+01  9.2521E+02  6.9757E+02  2.2764E+02 -1.4642E+00
  3.4710E+00  6.7526E+01  8.3039E+02  5.6094E+02  2.6945E+02  4.3428E-01
  3.4710E+00  6.7526E+01  8.2142E+02  4.6078E+02  3.6064E+02  3.2220E+00
  3.4710E+00  6.7526E+01  6.5890E+02  3.8667E+02  2.7223E+02  2.5236E+00
  3.4710E+00  6.7526E+01  4.4573E+02  2.8918E+02  1.5655E+02  1.1349E+00
  3.4710E+00  6.7526E+01  2.5191E+02  1.6912E+02  8.2786E+01  6.2972E-02
  3.4710E+00  6.7526E+01  0.0000E+00  1.0539E+03  0.0000E+00  0.0000E+00
  3.4710E+00  6.7526E+01  5.7012E+02  4.0941E+02  1.6071E+02 -1.8290E-01
  3.4710E+00  6.7526E+01  4.8250E+02  2.5873E+02  2.2377E+02  1.9249E+00
  9.7931E+00  1.7433E+02  0.0000E+00  5.4949E+02  0.0000E+00  0.0000E+00
  9.7931E+00  1.7433E+02  5.7578E+02  5.3667E+02  3.9115E+01  3.1638E-01
  9.7931E+00  1.7433E+02  5.0294E+02  5.2424E+02 -2.1300E+01 -6.7546E-01
  9.7931E+00  1.7433E+02  5.3109E+02  5.0052E+02  3.0570E+01  2.2323E-01
  9.7931E+00  1.7433E+02  5.2636E+02  4.5727E+02  6.9090E+01  9.8227E-01
  9.7931E+00  1.7433E+02  3.9690E+02  3.8512E+02  1.1777E+01  2.4823E-02
  9.7931E+00  1.7433E+02  3.2061E+02  3.2832E+02 -7.7148E+00 -3.1811E-01
  9.7931E+00  1.7433E+02  2.4320E+02  2.8328E+02 -4.0085E+01 -1.0026E+00
  9.7931E+00  1.7433E+02  2.8794E+02  2.1821E+02  6.9728E+01  1.5991E+00
  9.7931E+00  1.7433E+02  6.5246E+01  1.2351E+02 -5.8264E+01 -1.4903E+00
  9.7931E+00  1.7433E+02  0.0000E+00  6.7252E+02  0.0000E+00  0.0000E+00
  9.7931E+00  1.7433E+02  3.1596E+02  3.0017E+02  1.5792E+01  2.9651E-01
  9.7931E+00  1.7433E+02  1.7604E+02  1.8133E+02 -5.2932E+00 -1.2357E-01
  6.1875E+00  1.0834E+02  0.0000E+00  9.1078E+02  0.0000E+00  0.0000E+00
  6.1875E+00  1.0834E+02  9.5644E+02  8.8443E+02  7.2007E+01  7.2550E-01
  6.1875E+00  1.0834E+02  8.6656E+02  8.5911E+02  7.4550E+00 -7.8209E-04
  6.1875E+00  1.0834E+02  8.4924E+02  8.1135E+02  3.7885E+01  4.0449E-01
  6.1875E+00  1.0834E+02  7.1862E+02  7.2641E+02 -7.7892E+00 -1.1523E-01
  6.1875E+00  1.0834E+02  5.0942E+02  5.9144E+02 -8.2023E+01 -1.1889E+00
  6.1875E+00  1.0834E+02  4.3340E+02  4.9194E+02 -5.8543E+01 -8.4589E-01
  6.1875E+00  1.0834E+02  4.9785E+02  4.1793E+02  7.9918E+01  1.7731E+00
  6.1875E+00  1.0834E+02  2.9282E+02  3.1984E+02 -2.7021E+01 -2.4166E-01
  6.1875E+00  1.0834E+02  1.8722E+02  1.9707E+02 -9.8463E+00  1.5691E-01
  6.1875E+00  1.0834E+02  0.0000E+00  1.1073E+03  0.0000E+00  0.0000E+00
  6.1875E+00  1.0834E+02  2.8707E+02  4.6547E+02 -1.7840E+02 -2.6933E+00
  6.1875E+00  1.0834E+02  3.1838E+02  3.0945E+02  8.9294E+00  8.2772E-01
  5.5687E+00  9.1230E+01  0.0000E+00  9.6470E+02  0.0000E+00  0.0000E+00
  5.5687E+00  9.1230E+01  1.0615E+03  9.3394E+02  1.2756E+02  2.7003E-01
  5.5687E+00  9.1230E+01  9.6493E+02  9.0446E+02  6.0470E+01 -4.2160E-01
  5.5687E+00  9.1230E+01  1.0462E+03  8.4909E+02  1.9711E+02  1.2945E+00
  5.5687E+00  9.1230E+01  8.9480E+02  7.5137E+02  1.4343E+02  9.3923E-01
  5.5687E+00  9.1230E+01  5.6118E+02  5.9845E+02 -3.7271E+01 -1.3167E+00
  5.5687E+00  9.1230E+01  5.3245E+02  4.8803E+02  4.4416E+01  2.1214E-01
  5.5687E+00  9.1230E+01  4.4456E+02  4.0755E+02  3.7013E+01  2.7504E-01
  5.5687E+00  9.1230E+01  3.5771E+02  3.0374E+02  5.3969E+01  8.7733E-01
  5.5687E+00  9.1230E+01  2.0034E+02  1.8007E+02  2.0268E+01  2.6328E-01
  5.5687E+00  9.1230E+01  0.0000E+00  1.1442E+03  0.0000E+00  0.0000E+00
  5.5687E+00  9.1230E+01  4.2116E+02  4.3375E+02 -1.2588E+01 -6.4173E-01
  5.5687E+00  9.1230E+01  3.0429E+02  2.7809E+02  2.6199E+01  2.1276E-01
  1.9969E+00  4.3359E+01  0.0000E+00  1.8887E+03  0.0000E+00  0.0000E+00
  1.9969E+00  4.3359E+01  2.0915E+03  1.8023E+03  2.8924E+02 -1.5580E-01
  1.9969E+00  4.3359E+01  2.0745E+03  1.7209E+03  3.5359E+02  3.8987E-01
  1.9969E+00  4.3359E+01  1.9310E+03  1.5722E+03  3.5882E+02  7.4364E-01
  1.9969E+00  4.3359E+01  1.6169E+03  1.3233E+03  2.9359E+02  8.7609E-01
  1.9969E+00  4.3359E+01  1.1808E+03  9.7280E+02  2.0800E+02  1.1188E+00
  1.9969E+00  4.3359E+01  8.2232E+02  7.5389E+02  6.8426E+01  6.8517E-02
  1.9969E+00  4.3359E+01  7.2423E+02  6.1565E+02  1.0858E+02  9.7022E-01
  1.9969E+00  4.3359E+01  4.8483E+02  4.6851E+02  1.6319E+01 -3.8277E-01
  1.9969E+00  4.3359E+01  2.8266E+02  3.3856E+02 -5.5900E+01 -2.1274E+00
  1.9969E+00  4.3359E+01  0.0000E+00  2.2267E+03  0.0000E+00  0.0000E+00
  1.9969E+00  4.3359E+01  9.8132E+02  7.5222E+02  2.2910E+02  1.9736E+00
  1.9969E+00  4.3359E+01  6.7613E+02  5.7949E+02  9.6642E+01  1.3908E-01
  2.7194E+00  5.0419E+01  0.0000E+00  1.5774E+03  0.0000E+00  0.0000E+00
  2.7194E+00  5.0419E+01  1.7890E+03  1.5115E+03  2.7755E+02 -1.4362E-01
  2.7194E+00  5.0419E+01  1.7676E+03  1.4490E+03  3.1861E+02  3.0066E-01
  2.7194E+00  5.0419E+01  1.6376E+03  1.3339E+03  3.0369E+02  4.8680E-01
  2.7194E+00  5.0419E+01  1.5650E+03  1.1383E+03  4.2670E+02  2.2500E+00
  2.7194E+00  5.0419E+01  9.7850E+02  8.5418E+02  1.2432E+02  1.6801E-01
  2.7194E+00  5.0419E+01  7.2148E+02  6.6895E+02  5.2534E+01 -2.4516E-01
  2.7194E+00  5.0419E+01  5.8383E+02  5.4682E+02  3.7012E+01 -2.0182E-01
  2.7194E+00  5.0419E+01  5.1309E+02  4.0903E+02  1.0406E+02  1.2946E+00
  2.7194E+00  5.0419E+01  3.4405E+02  2.7573E+02  6.8321E+01  6.2051E-01
  2.7194E+00  5.0419E+01  0.0000E+00  1.8526E+03  0.0000E+00  0.0000E+00
  2.7194E+00  5.0419E+01  6.6841E+02  6.2960E+02  3.8814E+01 -5.1283E-01
  2.7194E+00  5.0419E+01  5.6656E+02  4.5572E+02  1.1084E+02  6.4785E-01
  3.9053E+00  8.6414E+01  0.0000E+00  1.1804E+03  0.0000E+00  0.0000E+00
  3.9053E+00  8.6414E+01  1.1071E+03  1.1413E+03 -3.4241E+01 -1.4095E-01
  3.9053E+00  8.6414E+01  1.0908E+03  1.1040E+03 -1.3177E+01  4.3840E-02
  3.9053E+00  8.6414E+01  1.1842E+03  1.0341E+03  1.5007E+02  1.6732E+00
  3.9053E+00  8.6414E+01  6.7237E+02  9.1195E+02 -2.3958E+02 -2.5700E+00
  3.9053E+00  8.6414E+01  7.4423E+02  7.2419E+02  2.0043E+01  3.4775E-01
  3.9053E+00  8.6414E+01  5.9790E+02  5.9193E+02  5.9749E+00  1.2220E-01
  3.9053E+00  8.6414E+01  5.0148E+02  4.9786E+02  3.6154E+00  5.4958E-02
  3.9053E+00  8.6414E+01  3.3183E+02  3.8057E+02 -4.8738E+01 -1.0224E+00
  3.9053E+00  8.6414E+01  2.7292E+02  2.4833E+02  2.4591E+01  4.9410E-01
  3.9053E+00  8.6414E+01  0.0000E+00  1.4282E+03  0.0000E+00  0.0000E+00
  3.9053E+00  8.6414E+01  5.6737E+02  5.7453E+02 -7.1579E+00 -1.8900E-01
  3.9053E+00  8.6414E+01  4.6183E+02  4.0470E+02  5.7131E+01  9.9268E-01
  3.1843E+00  7.3901E+01  0.0000E+00  1.4466E+03  0.0000E+00  0.0000E+00
  3.1843E+00  7.3901E+01  1.3268E+03  1.3928E+03 -6.6028E+01 -8.8139E-03
  3.1843E+00  7.3901E+01  1.2184E+03  1.3417E+03 -1.2333E+02 -4.9978E-01
  3.1843E+00  7.3901E+01  1.2646E+03  1.2469E+03  1.7655E+01  6.1305E-01
  3.1843E+00  7.3901E+01  9.3620E+02  1.0837E+03 -1.4752E+02 -1.0314E+00
  3.1843E+00  7.3901E+01  8.3993E+02  8.4049E+02 -5.5614E-01  2.9889E-01
  3.1843E+00  7.3901E+01  7.0754E+02  6.7629E+02  3.1250E+01  6.7239E-01
  3.1843E+00  7.3901E+01  5.1658E+02  5.6435E+02 -4.7768E+01 -5.9997E-01
  3.1843E+00  7.3901E+01  3.8357E+02  4.3254E+02 -4.8971E+01 -7.9057E-01
  3.1843E+00  7.3901E+01  2.6755E+02  2.9767E+02 -3.0117E+01 -5.0612E-01
  3.1843E+00  7.3901E+01  0.0000E+00  1.7437E+03  0.0000E+00  0.0000E+00
  3.1843E+00  7.3901E+01  5.9575E+02  6.7518E+02 -7.9434E+01 -9.4382E-01
  3.1843E+00  7.3901E+01  5.7139E+02  5.0002E+02  7.1370E+01  1.4620E+00
  4.2689E+00  6.4191E+01  0.0000E+00  1.0513E+03  0.0000E+00  0.0000E+00
  4.2689E+00  6.4191E+01  1.4966E+03  1.0160E+03  4.8058E+02  1.0738E+00
  4.2689E+00  6.4191E+01  1.6241E+03  9.8230E+02  6.4180E+02  3.0136E+00
  4.2689E+00  6.4191E+01  1.3007E+03  9.1916E+02  3.8154E+02  6.9694E-01
  4.2689E+00  6.4191E+01  9.6093E+02  8.0839E+02  1.5254E+02 -1.2878E+00
  4.2689E+00  6.4191E+01  8.1493E+02  6.3714E+02  1.7779E+02  1.7787E-01
  4.2689E+00  6.4191E+01  6.8284E+02  5.1549E+02  1.6735E+02  9.8684E-01
  4.2689E+00  6.4191E+01  4.1320E+02  4.2822E+02 -1.5023E+01 -1.7080E+00
  4.2689E+00  6.4191E+01  3.7467E+02  3.1806E+02  5.6613E+01  2.5164E-01
  4.2689E+00  6.4191E+01  2.6065E+02  1.9133E+02  6.9318E+01  8.5734E-01
  4.2689E+00  6.4191E+01  0.0000E+00  1.2420E+03  0.0000E+00  0.0000E+00
  4.2689E+00  6.4191E+01  6.2188E+02  4.5830E+02  1.6358E+02  1.6135E+00
  4.2689E+00  6.4191E+01  3.1688E+02  2.9823E+02  1.8649E+01 -9.0599E-01
  5.0245E+00  9.0421E+01  0.0000E+00  1.1304E+03  0.0000E+00  0.0000E+00
  5.0245E+00  9.0421E+01  1.1430E+03  1.0932E+03  4.9773E+01  6.3830E-01
  5.0245E+00  9.0421E+01  1.0928E+03  1.0577E+03  3.5132E+01  5.1244E-01
  5.0245E+00  9.0421E+01  9.4887E+02  9.9113E+02 -4.2259E+01 -2.6842E-01
  5.0245E+00  9.0421E+01  7.6872E+02  8.7451E+02 -1.0579E+02 -1.0392E+00
  5.0245E+00  9.0421E+01  7.4166E+02  6.9459E+02  4.7068E+01  8.9215E-01
  5.0245E+00  9.0421E+01  4.5876E+02  5.6717E+02 -1.0841E+02 -1.4714E+00
  5.0245E+00  9.0421E+01  3.4200E+02  4.7605E+02 -1.3405E+02 -2.0909E+00
  5.0245E+00  9.0421E+01  3.9313E+02  3.6155E+02  3.1581E+01  9.8737E-01
  5.0245E+00  9.0421E+01  1.6128E+02  2.3071E+02 -6.9425E+01 -1.2402E+00
  5.0245E+00  9.0421E+01  0.0000E+00  1.3605E+03  0.0000E+00  0.0000E+00
  5.0245E+00  9.0421E+01  5.1280E+02  5.3853E+02 -2.5734E+01  7.4250E-02
  5.0245E+00  9.0421E+01  3.5281E+02  3.7118E+02 -1.8374E+01  2.3429E-01
  4.8450E+00  8.6988E+01  0.0000E+00  1.2541E+03  0.0000E+00  0.0000E+00
  4.8450E+00  8.6988E+01  1.2037E+03  1.2067E+03 -2.9836E+00  6.4268E-01
  4.8450E+00  8.6988E+01  9.4271E+02  1.1615E+03 -2.1884E+02 -1.3495E+00
  4.8450E+00  8.6988E+01  1.0873E+03  1.0777E+03  9.6214E+00  6.9308E-01
  4.8450E+00  8.6988E+01  7.9536E+02  9.3271E+02 -1.3735E+02 -1.0175E+00
  4.8450E+00  8.6988E+01  6.6209E+02  7.1505E+02 -5.2959E+01 -4.0983E-01
  4.8450E+00  8.6988E+01  5.6551E+02  5.6648E+02 -9.6516E-01  1.4370E-01
  4.8450E+00  8.6988E+01  4.9827E+02  4.6397E+02  3.4302E+01  6.6927E-01
  4.8450E+00  8.6988E+01  3.5619E+02  3.4108E+02  1.5115E+01  2.5934E-01
  4.8450E+00  8.6988E+01  2.0138E+02  2.1073E+02 -9.3523E+00 -2.8282E-01
  4.8450E+00  8.6988E+01  0.0000E+00  1.4643E+03  0.0000E+00  0.0000E+00
  4.8450E+00  8.6988E+01  5.5256E+02  4.9936E+02  5.3198E+01  8.5528E-01
  4.8450E+00  8.6988E+01  3.2368E+02  3.3333E+02 -9.6454E+00 -2.9250E-01
  4.1227E+00  9.6041E+01  0.0000E+00  1.1247E+03  0.0000E+00  0.0000E+00
  4.1227E+00  9.6041E+01  9.6280E+02  1.0859E+03 -1.2314E+02 -6.2995E-01
  4.1227E+00  9.6041E+01  1.0285E+03  1.0489E+03 -2.0421E+01  3.2258E-01
  4.1227E+00  9.6041E+01  8.3238E+02  9.7976E+02 -1.4738E+02 -1.1021E+00
  4.1227E+00  9.6041E+01  9.2385E+02  8.5892E+02  6.4929E+01  1.0835E+00
  4.1227E+00  9.6041E+01  5.6473E+02  6.7360E+02 -1.0887E+02 -1.5202E+00
  4.1227E+00  9.6041E+01  5.6809E+02  5.4339E+02  2.4698E+01  2.0057E-01
  4.1227E+00  9.6041E+01  5.1804E+02  4.5099E+02  6.7049E+01  8.4080E-01
  4.1227E+00  9.6041E+01  3.9221E+02  3.3601E+02  5.6200E+01  5.8500E-01
  4.1227E+00  9.6041E+01  2.4873E+02  2.0673E+02  4.2004E+01  3.3474E-01
  4.1227E+00  9.6041E+01  0.0000E+00  1.3308E+03  0.0000E+00  0.0000E+00
  4.1227E+00  9.6041E+01  6.2934E+02  4.9043E+02  1.3891E+02  1.5611E+00
  4.1227E+00  9.6041E+01  4.1247E+02  3.2624E+02  8.6231E+01  7.6563E-01
  2.2067E+00  5.1642E+01  0.0000E+00  1.6069E+03  0.0000E+00  0.0000E+00
  2.2067E+00  5.1642E+01  1.8098E+03  1.5437E+03  2.6611E+02  1.6745E-01
  2.2067E+00  5.1642E+01  1.6114E+03  1.4837E+03  1.2767E+02 -7.2493E-01
  2.2067E+00  5.1642E+01  1.8063E+03  1.3730E+03  4.3330E+02  1.8467E+00
  2.2067E+00  5.1642E+01  1.4568E+03  1.1840E+03  2.7285E+02  1.0913E+00
  2.2067E+00  5.1642E+01  9.7346E+02  9.0702E+02  6.6440E+01 -2.6369E-01
  2.2067E+00  5.1642E+01  7.3696E+02  7.2447E+02  1.2494E+01 -5.8251E-01
  2.2067E+00  5.1642E+01  6.9004E+02  6.0294E+02  8.7103E+01  7.6459E-01
  2.2067E+00  5.1642E+01  5.0815E+02  4.6444E+02  4.3709E+01  3.1007E-01
  2.2067E+00  5.1642E+01  3.1898E+02  3.3044E+02 -1.1458E+01 -8.6731E-01
  2.2067E+00  5.1642E+01  0.0000E+00  1.9368E+03  0.0000E+00  0.0000E+00
  2.2067E+00  5.1642E+01  7.0288E+02  7.4039E+02 -3.7515E+01 -1.2212E+00
  2.2067E+00  5.1642E+01  7.4048E+02  5.6522E+02  1.7526E+02  1.9144E+00
  3.8995E+00  9.3324E+01  0.0000E+00  1.3192E+03  0.0000E+00  0.0000E+00
  3.8995E+00  9.3324E+01  1.0836E+03  1.2705E+03 -1.8688E+02  2.9614E-02
  3.8995E+00  9.3324E+01  8.8840E+02  1.2241E+03 -3.3567E+02 -1.3721E+00
  3.8995E+00  9.3324E+01  1.1143E+03  1.1378E+03 -2.3546E+01  1.2258E+00
  3.8995E+00  9.3324E+01  6.5607E+02  9.8878E+02 -3.3271E+02 -2.2769E+00
  3.8995E+00  9.3324E+01  6.8664E+02  7.6492E+02 -7.8284E+01 -2.0211E-01
  3.8995E+00  9.3324E+01  5.7786E+02  6.1213E+02 -3.4267E+01 -5.0480E-02
  3.8995E+00  9.3324E+01  4.7885E+02  5.0675E+02 -2.7895E+01 -2.5172E-01
  3.8995E+00  9.3324E+01  3.5668E+02  3.8055E+02 -2.3873E+01 -4.7962E-01
  3.8995E+00  9.3324E+01  2.4541E+02  2.4710E+02 -1.6865E+00 -6.0832E-02
  3.8995E+00  9.3324E+01  0.0000E+00  1.5657E+03  0.0000E+00  0.0000E+00
  3.8995E+00  9.3324E+01  6.4204E+02  5.7322E+02  6.8822E+01  1.1182E+00
  3.8995E+00  9.3324E+01  4.5964E+02  4.0151E+02  5.8133E+01  1.0950E+00
  4.0831E+00  5.9305E+01  0.0000E+00  1.2816E+03  0.0000E+00  0.0000E+00
  4.0831E+00  5.9305E+01  1.4737E+03  1.2347E+03  2.3903E+02 -4.0324E-01
  4.0831E+00  5.9305E+01  1.5566E+03  1.1900E+03  3.6660E+02  8.8068E-01
  4.0831E+00  5.9305E+01  1.4030E+03  1.1069E+03  2.9607E+02  5.8231E-01
  4.0831E+00  5.9305E+01  1.3292E+03  9.6306E+02  3.6614E+02  2.0146E+00
  4.0831E+00  5.9305E+01  9.0372E+02  7.4624E+02  1.5748E+02  7.5306E-01
  4.0831E+00  5.9305E+01  7.5592E+02  5.9753E+02  1.5839E+02  1.6223E+00
  4.0831E+00  5.9305E+01  4.7355E+02  4.9447E+02 -2.0921E+01 -8.5336E-01
  4.0831E+00  5.9305E+01  4.1204E+02  3.7024E+02  4.1798E+01  6.9362E-01
  4.0831E+00  5.9305E+01  1.6647E+02  2.3745E+02 -7.0975E+01 -1.7808E+00
  4.0831E+00  5.9305E+01  0.0000E+00  1.5184E+03  0.0000E+00  0.0000E+00
  4.0831E+00  5.9305E+01  4.5956E+02  5.5363E+02 -9.4074E+01 -1.7824E+00
  4.0831E+00  5.9305E+01  3.9276E+02  3.8325E+02  9.5135E+00 -1.7465E-02
  1.1298E+01  1.7212E+02  0.0000E+00  6.0791E+02  0.0000E+00  0.0000E+00
  1.1298E+01  1.7212E+02  5.5281E+02  5.9297E+02 -4.0155E+01 -2.1928E-01
  1.1298E+01  1.7212E+02  5.4203E+02  5.7850E+02 -3.6472E+01 -1.6728E-01
  1.1298E+01  1.7212E+02  6.2920E+02  5.5096E+02  7.8238E+01  1.6846E+00
  1.1298E+01  1.7212E+02  4.3485E+02  5.0099E+02 -6.6142E+01 -7.0567E-01
  1.1298E+01  1.7212E+02  3.4334E+02  4.1844E+02 -7.5104E+01 -9.6132E-01
  1.1298E+01  1.7212E+02  3.3514E+02  3.5430E+02 -1.9159E+01  9.9475E-02
  1.1298E+01  1.7212E+02  2.3444E+02  3.0408E+02 -6.9635E+01 -1.0008E+00
  1.1298E+01  1.7212E+02  1.7485E+02  2.3275E+02 -5.7899E+01 -8.2625E-01
  1.1298E+01  1.7212E+02  1.1577E+02  1.3219E+02 -1.6418E+01  8.4279E-02
  1.1298E+01  1.7212E+02  0.0000E+00  7.3961E+02  0.0000E+00  0.0000E+00
  1.1298E+01  1.7212E+02  2.7556E+02  3.2162E+02 -4.6059E+01 -1.7297E-01
  1.1298E+01  1.7212E+02  1.1614E+02  1.9561E+02 -7.9469E+01 -1.1118E+00
  3.3928E+00  5.6690E+01  0.0000E+00  1.4248E+03  0.0000E+00  0.0000E+00
  3.3928E+00  5.6690E+01  1.8621E+03  1.3696E+03  4.9246E+02  1.8924E+00
  3.3928E+00  5.6690E+01  1.5829E+03  1.3172E+03  2.6566E+02  2.4796E-01
  3.3928E+00  5.6690E+01  1.4853E+03  1.2202E+03  2.6513E+02  5.2282E-01
  3.3928E+00  5.6690E+01  1.0739E+03  1.0535E+03  2.0450E+01 -1.3510E+00
  3.3928E+00  5.6690E+01  9.2262E+02  8.0628E+02  1.1634E+02  3.5621E-01
  3.3928E+00  5.6690E+01  7.1627E+02  6.4052E+02  7.5752E+01  3.8897E-01
  3.3928E+00  5.6690E+01  5.6904E+02  5.2817E+02  4.0872E+01  1.9623E-01
  3.3928E+00  5.6690E+01  3.3655E+02  3.9672E+02 -6.0172E+01 -1.4712E+00
  3.3928E+00  5.6690E+01  3.0146E+02  2.6265E+02  3.8807E+01  5.2449E-01
  3.3928E+00  5.6690E+01  0.0000E+00  1.6869E+03  0.0000E+00  0.0000E+00
  3.3928E+00  5.6690E+01  6.3383E+02  6.0449E+02  2.9339E+01 -1.6111E-02
  3.3928E+00  5.6690E+01  4.6595E+02  4.3101E+02  3.4943E+01  1.1064E-01
  2.8696E+00  7.0873E+01  0.0000E+00  1.2270E+03  0.0000E+00  0.0000E+00
  2.8696E+00  7.0873E+01  1.3379E+03  1.1844E+03  1.5346E+02  3.9307E-02
  2.8696E+00  7.0873E+01  1.3586E+03  1.1438E+03  2.1478E+02  6.6514E-01
  2.8696E+00  7.0873E+01  1.1195E+03  1.0681E+03  5.1438E+01 -7.8579E-01
  2.8696E+00  7.0873E+01  1.1804E+03  9.3614E+02  2.4426E+02  1.4557E+00
  2.8696E+00  7.0873E+01  7.5808E+02  7.3519E+02  2.2887E+01 -8.4688E-01
  2.8696E+00  7.0873E+01  6.8106E+02  5.9534E+02  8.5716E+01  2.3528E-01
  2.8696E+00  7.0873E+01  6.4017E+02  4.9705E+02  1.4312E+02  1.4176E+00
  2.8696E+00  7.0873E+01  3.9172E+02  3.7635E+02  1.5374E+01 -7.8063E-01
  2.8696E+00  7.0873E+01  3.9288E+02  2.4358E+02  1.4930E+02  2.2454E+00
  2.8696E+00  7.0873E+01  0.0000E+00  1.4700E+03  0.0000E+00  0.0000E+00
  2.8696E+00  7.0873E+01  6.9620E+02  5.6564E+02  1.3056E+02  5.3305E-01
  2.8696E+00  7.0873E+01  5.7115E+02  3.9523E+02  1.7592E+02  1.5700E+00
  3.0384E+00  6.2298E+01  0.0000E+00  1.6338E+03  0.0000E+00  0.0000E+00
  3.0384E+00  6.2298E+01  1.4496E+03  1.5656E+03 -1.1602E+02 -7.0836E-01
  3.0384E+00  6.2298E+01  1.5717E+03  1.5011E+03  7.0573E+01  6.0511E-01
  3.0384E+00  6.2298E+01  1.4198E+03  1.3824E+03  3.7441E+01  3.8241E-01
  3.0384E+00  6.2298E+01  1.1290E+03  1.1807E+03 -5.1715E+01 -3.8946E-01
  3.0384E+00  6.2298E+01  8.8868E+02  8.8849E+02  1.8546E-01  6.0562E-02
  3.0384E+00  6.2298E+01  6.6992E+02  6.9861E+02 -2.8693E+01 -3.5895E-01
  3.0384E+00  6.2298E+01  6.1320E+02  5.7388E+02  3.9315E+01  6.6055E-01
  3.0384E+00  6.2298E+01  5.0119E+02  4.3398E+02  6.7210E+01  1.2855E+00
  3.0384E+00  6.2298E+01  3.2773E+02  3.0039E+02  2.7341E+01  6.2651E-01
  3.0384E+00  6.2298E+01  0.0000E+00  1.9336E+03  0.0000E+00  0.0000E+00
  3.0384E+00  6.2298E+01  5.7734E+02  6.7910E+02 -1.0176E+02 -1.4052E+00
  3.0384E+00  6.2298E+01  5.0813E+02  5.0411E+02  4.0214E+00  1.1999E-01
  3.2660E+00  6.1247E+01  0.0000E+00  1.2950E+03  0.0000E+00  0.0000E+00
  3.2660E+00  6.1247E+01  1.5320E+03  1.2485E+03  2.8353E+02  2.2500E-01
  3.2660E+00  6.1247E+01  1.5134E+03  1.2041E+03  3.0930E+02  5.8958E-01
  3.2660E+00  6.1247E+01  1.4491E+03  1.1215E+03  3.2757E+02  1.0551E+00
  3.2660E+00  6.1247E+01  1.2097E+03  9.7840E+02  2.3130E+02  6.4922E-01
  3.2660E+00  6.1247E+01  8.8186E+02  7.6231E+02  1.1955E+02  1.6490E-01
  3.2660E+00  6.1247E+01  6.4628E+02  6.1374E+02  3.2536E+01 -5.6497E-01
  3.2660E+00  6.1247E+01  5.7183E+02  5.1056E+02  6.1265E+01  2.2029E-01
  3.2660E+00  6.1247E+01  2.9698E+02  3.8589E+02 -8.8908E+01 -2.3907E+00
  3.2660E+00  6.1247E+01  3.3003E+02  2.5225E+02  7.7778E+01  1.1098E+00
  3.2660E+00  6.1247E+01  0.0000E+00  1.5467E+03  0.0000E+00  0.0000E+00
  3.2660E+00  6.1247E+01  7.2530E+02  5.8355E+02  1.4175E+02  1.3173E+00
  3.2660E+00  6.1247E+01  4.7270E+02  4.1155E+02  6.1148E+01  1.3490E-01
  2.7755E+00  4.4796E+01  0.0000E+00  1.9216E+03  0.0000E+00  0.0000E+00
  2.7755E+00  4.4796E+01  2.2386E+03  1.8355E+03  4.0313E+02  1.1432E+00
  2.7755E+00  4.4796E+01  2.0677E+03  1.7543E+03  3.1339E+02  7.5446E-01
  2.7755E+00  4.4796E+01  1.8657E+03  1.6059E+03  2.5985E+02  6.9539E-01
  2.7755E+00  4.4796E+01  1.3270E+03  1.3571E+03 -3.0112E+01 -1.0477E+00
  2.7755E+00  4.4796E+01  1.0559E+03  1.0060E+03  4.9893E+01  2.3583E-01
  2.7755E+00  4.4796E+01  6.7571E+02  7.8616E+02 -1.1045E+02 -1.2872E+00
  2.7755E+00  4.4796E+01  6.7510E+02  6.4708E+02  2.8023E+01  8.1279E-01
  2.7755E+00  4.4796E+01  4.2765E+02  4.9902E+02 -7.1367E+01 -6.3307E-01
  2.7755E+00  4.4796E+01  3.0482E+02  3.6996E+02 -6.5141E+01 -6.5424E-01
  2.7755E+00  4.4796E+01  0.0000E+00  2.2911E+03  0.0000E+00  0.0000E+00
  2.7755E+00  4.4796E+01  4.6674E+02  8.1559E+02 -3.4885E+02 -3.6016E+00
  2.7755E+00  4.4796E+01  5.7074E+02  6.4430E+02 -7.3556E+01 -1.5903E-01
  3.0167E+00  5.0243E+01  0.0000E+00  1.2630E+03  0.0000E+00  0.0000E+00
  3.0167E+00  5.0243E+01  2.0147E+03  1.2191E+03  7.9559E+02  2.3791E+00
  3.0167E+00  5.0243E+01  1.7397E+03  1.1772E+03  5.6248E+02  6.2891E-01
  3.0167E+00  5.0243E+01  1.7577E+03  1.0991E+03  6.5856E+02  2.1254E+00
  3.0167E+00  5.0243E+01  1.2642E+03  9.6335E+02  3.0085E+02 -4.4900E-01
  3.0167E+00  5.0243E+01  1.0424E+03  7.5698E+02  2.8542E+02  9.9930E-01
  3.0167E+00  5.0243E+01  6.8447E+02  6.1385E+02  7.0623E+01 -8.9488E-01
  3.0167E+00  5.0243E+01  5.3301E+02  5.1358E+02  1.9427E+01 -1.0916E+00
  3.0167E+00  5.0243E+01  4.5045E+02  3.9107E+02  5.9383E+01  2.7580E-01
  3.0167E+00  5.0243E+01  3.6576E+02  2.5750E+02  1.0826E+02  1.5944E+00
  3.0167E+00  5.0243E+01  0.0000E+00  1.5199E+03  0.0000E+00  0.0000E+00
  3.0167E+00  5.0243E+01  6.8274E+02  5.9389E+02  8.8851E+01  1.1067E-01
  3.0167E+00  5.0243E+01  4.4501E+02  4.2193E+02  2.3078E+01 -8.9481E-01
  6.4201E+00  1.1472E+02  0.0000E+00  6.9208E+02  0.0000E+00  0.0000E+00
  6.4201E+00  1.1472E+02  9.0386E+02  6.7393E+02  2.2993E+02  1.2733E+00
  6.4201E+00  1.1472E+02  8.1507E+02  6.5640E+02  1.5867E+02  3.4605E-01
  6.4201E+00  1.1472E+02  6.9300E+02  6.2315E+02  6.9851E+01 -8.2266E-01
  6.4201E+00  1.1472E+02  7.0314E+02  5.6320E+02  1.3994E+02  5.2199E-01
  6.4201E+00  1.1472E+02  5.7756E+02  4.6545E+02  1.1211E+02  5.7065E-01
  6.4201E+00  1.1472E+02  5.1927E+02  3.9081E+02  1.2846E+02  1.3160E+00
  6.4201E+00  1.1472E+02  4.2185E+02  3.3334E+02  8.8510E+01  8.4056E-01
  6.4201E+00  1.1472E+02  3.2891E+02  2.5358E+02  7.5334E+01  9.5733E-01
  6.4201E+00  1.1472E+02  1.1879E+02  1.4563E+02 -2.6845E+01 -1.2171E+00
  6.4201E+00  1.1472E+02  0.0000E+00  8.3719E+02  0.0000E+00  0.0000E+00
  6.4201E+00  1.1472E+02  3.6566E+02  3.5358E+02  1.2084E+01 -7.8253E-01
  6.4201E+00  1.1472E+02  3.0462E+02  2.1826E+02  8.6358E+01  1.1922E+00
  6.2133E+00  1.1565E+02  0.0000E+00  1.1253E+03  0.0000E+00  0.0000E+00
  6.2133E+00  1.1565E+02  8.5068E+02  1.0857E+03 -2.3503E+02 -3.4552E-01
  6.2133E+00  1.1565E+02  9.1619E+02  1.0479E+03 -1.3167E+02  5.6579E-01
  6.2133E+00  1.1565E+02  6.5424E+02  9.7720E+02 -3.2296E+02 -1.6400E+00
  6.2133E+00  1.1565E+02  6.7469E+02  8.5396E+02 -1.7927E+02 -5.3659E-01
  6.2133E+00  1.1565E+02  5.5873E+02  6.6558E+02 -1.0685E+02 -3.0947E-01
  6.2133E+00  1.1565E+02  4.2636E+02  5.3381E+02 -1.0745E+02 -8.6539E-01
  6.2133E+00  1.1565E+02  3.4961E+02  4.4069E+02 -9.1081E+01 -9.8405E-01
  6.2133E+00  1.1565E+02  3.8359E+02  3.2547E+02  5.8122E+01  1.7258E+00
  6.2133E+00  1.1565E+02  1.3741E+02  1.9714E+02 -5.9729E+01 -9.8259E-01
  6.2133E+00  1.1565E+02  0.0000E+00  1.3219E+03  0.0000E+00  0.0000E+00
  6.2133E+00  1.1565E+02  4.2777E+02  4.7109E+02 -4.3317E+01 -5.6651E-02
  6.2133E+00  1.1565E+02  2.9143E+02  3.0864E+02 -1.7213E+01  3.6198E-01
  2.5756E+00  4.4428E+01  0.0000E+00  1.5498E+03  0.0000E+00  0.0000E+00
  2.5756E+00  4.4428E+01  2.2727E+03  1.4869E+03  7.8584E+02  1.9801E+00
  2.5756E+00  4.4428E+01  1.8541E+03  1.4272E+03  4.2686E+02 -4.0051E-01
  2.5756E+00  4.4428E+01  1.9683E+03  1.3172E+03  6.5110E+02  1.9117E+00
  2.5756E+00  4.4428E+01  1.4798E+03  1.1295E+03  3.5026E+02  3.4308E-01
  2.5756E+00  4.4428E+01  1.0686E+03  8.5521E+02  2.1339E+02  4.5048E-01
  2.5756E+00  4.4428E+01  7.4418E+02  6.7477E+02  6.9412E+01 -4.4092E-01
  2.5756E+00  4.4428E+01  7.4130E+02  5.5480E+02  1.8650E+02  2.0369E+00
  2.5756E+00  4.4428E+01  4.8826E+02  4.1801E+02  7.0249E+01  6.2283E-01
  2.5756E+00  4.4428E+01  3.5047E+02  2.8397E+02  6.6499E+01  5.2068E-01
  2.5756E+00  4.4428E+01  0.0000E+00  1.8332E+03  0.0000E+00  0.0000E+00
  2.5756E+00  4.4428E+01  6.3800E+02  6.4676E+02 -8.7555E+00 -1.2820E+00
  2.5756E+00  4.4428E+01  5.4018E+02  4.7204E+02  6.8141E+01 -2.1490E-01
  7.0289E+00  9.8173E+01  0.0000E+00  8.6045E+02  0.0000E+00  0.0000E+00
  7.0289E+00  9.8173E+01  9.9902E+02  8.3497E+02  1.6405E+02  6.9072E-01
  7.0289E+00  9.8173E+01  1.0631E+03  8.1048E+02  2.5262E+02  1.8724E+00
  7.0289E+00  9.8173E+01  6.9174E+02  7.6429E+02 -7.2551E+01 -2.0932E+00
  7.0289E+00  9.8173E+01  7.8731E+02  6.8211E+02  1.0520E+02  4.9554E-01
  7.0289E+00  9.8173E+01  6.5628E+02  5.5145E+02  1.0483E+02  1.0485E+00
  7.0289E+00  9.8173E+01  5.2387E+02  4.5505E+02  6.8821E+01  8.7440E-01
  7.0289E+00  9.8173E+01  3.5385E+02  3.8328E+02 -2.9428E+01 -7.4914E-01
  7.0289E+00  9.8173E+01  2.5974E+02  2.8805E+02 -2.8313E+01 -5.3014E-01
  7.0289E+00  9.8173E+01  1.3699E+02  1.6900E+02 -3.2007E+01 -5.5507E-01
  7.0289E+00  9.8173E+01  0.0000E+00  1.0289E+03  0.0000E+00  0.0000E+00
  7.0289E+00  9.8173E+01  4.2461E+02  4.0818E+02  1.6430E+01  5.3010E-01
  7.0289E+00  9.8173E+01  1.4958E+02  2.5860E+02 -1.0902E+02 -2.0939E+00
  2.0374E+00  4.3885E+01  0.0000E+00  1.5943E+03  0.0000E+00  0.0000E+00
  2.0374E+00  4.3885E+01  2.2864E+03  1.5309E+03  7.5554E+02  1.7262E+00
  2.0374E+00  4.3885E+01  1.9355E+03  1.4707E+03  4.6479E+02 -1.0541E-01
  2.0374E+00  4.3885E+01  1.9074E+03  1.3597E+03  5.4774E+02  1.0228E+00
  2.0374E+00  4.3885E+01  1.4926E+03  1.1702E+03  3.2243E+02  2.6724E-02
  2.0374E+00  4.3885E+01  1.2514E+03  8.9290E+02  3.5850E+02  1.9852E+00
  2.0374E+00  4.3885E+01  8.6670E+02  7.1037E+02  1.5633E+02  5.9016E-01
  2.0374E+00  4.3885E+01  7.8326E+02  5.8897E+02  1.9429E+02  1.8552E+00
  2.0374E+00  4.3885E+01  5.3938E+02  4.5071E+02  8.8675E+01  6.6172E-01
  2.0374E+00  4.3885E+01  3.1589E+02  3.1647E+02 -5.8331E-01 -1.2710E+00
  2.0374E+00  4.3885E+01  0.0000E+00  1.9102E+03  0.0000E+00  0.0000E+00
  2.0374E+00  4.3885E+01  8.4883E+02  7.1226E+02  1.3657E+02  4.0224E-01
  2.0374E+00  4.3885E+01  6.2522E+02  5.3679E+02  8.8430E+01 -3.7876E-01
  7.1641E+00  1.3889E+02  0.0000E+00  8.8429E+02  0.0000E+00  0.0000E+00
  7.1641E+00  1.3889E+02  7.3699E+02  8.5773E+02 -1.2074E+02  6.2376E-02
  7.1641E+00  1.3889E+02  6.9039E+02  8.3220E+02 -1.4181E+02 -2.6067E-01
  7.1641E+00  1.3889E+02  6.4722E+02  7.8412E+02 -1.3690E+02 -3.4899E-01
  7.1641E+00  1.3889E+02  4.8016E+02  6.9870E+02 -2.1854E+02 -1.7736E+00
  7.1641E+00  1.3889E+02  5.3956E+02  5.6335E+02 -2.3793E+01  6.1816E-01
  7.1641E+00  1.3889E+02  3.8913E+02  4.6393E+02 -7.4799E+01 -5.6442E-01
  7.1641E+00  1.3889E+02  4.0062E+02  3.9023E+02  1.0387E+01  8.2681E-01
  7.1641E+00  1.3889E+02  2.5518E+02  2.9303E+02 -3.7845E+01 -4.0607E-01
  7.1641E+00  1.3889E+02  1.5622E+02  1.7269E+02 -1.6471E+01 -9.2974E-02
  7.1641E+00  1.3889E+02  0.0000E+00  1.0564E+03  0.0000E+00  0.0000E+00
  7.1641E+00  1.3889E+02  3.2115E+02  4.1643E+02 -9.5278E+01 -1.2424E+00
  7.1641E+00  1.3889E+02  2.9236E+02  2.6511E+02  2.7249E+01  1.1122E+00
  7.5352E+00  1.4942E+02  0.0000E+00  7.4612E+02  0.0000E+00  0.0000E+00
  7.5352E+00  1.4942E+02  6.7537E+02  7.2710E+02 -5.1726E+01  9.3838E-02
  7.5352E+00  1.4942E+02  6.6913E+02  7.0873E+02 -3.9600E+01  2.3521E-01
  7.5352E+00  1.4942E+02  5.7669E+02  6.7388E+02 -9.7194E+01 -6.2251E-01
  7.5352E+00  1.4942E+02  5.3130E+02  6.1111E+02 -7.9808E+01 -4.9870E-01
  7.5352E+00  1.4942E+02  4.6812E+02  5.0886E+02 -4.0736E+01 -5.7676E-02
  7.5352E+00  1.4942E+02  4.4546E+02  4.3089E+02  1.4571E+01  8.4927E-01
  7.5352E+00  1.4942E+02  3.1740E+02  3.7095E+02 -5.3548E+01 -5.5298E-01
  7.5352E+00  1.4942E+02  1.6620E+02  2.8786E+02 -1.2166E+02 -2.2302E+00
  7.5352E+00  1.4942E+02  1.9532E+02  1.7515E+02  2.0174E+01  8.9882E-01
  7.5352E+00  1.4942E+02  0.0000E+00  9.2072E+02  0.0000E+00  0.0000E+00
  7.5352E+00  1.4942E+02  3.4366E+02  4.1406E+02 -7.0400E+01 -6.9839E-01
  7.5352E+00  1.4942E+02  2.4766E+02  2.7071E+02 -2.3046E+01  1.2253E-01
  8.7616E+00  1.8144E+02  0.0000E+00  6.9756E+02  0.0000E+00  0.0000E+00
  8.7616E+00  1.8144E+02  5.8338E+02  6.7920E+02 -9.5819E+01  2.3380E-01
  8.7616E+00  1.8144E+02  4.9816E+02  6.6148E+02 -1.6332E+02 -7.9687E-01
  8.7616E+00  1.8144E+02  4.7295E+02  6.2785E+02 -1.5490E+02 -8.3311E-01
  8.7616E+00  1.8144E+02  4.4631E+02  5.6726E+02 -1.2095E+02 -5.9922E-01
  8.7616E+00  1.8144E+02  4.0225E+02  4.6853E+02 -6.6277E+01 -1.2495E-01
  8.7616E+00  1.8144E+02  3.3121E+02  3.9321E+02 -6.2003E+01 -3.8213E-01
  8.7616E+00  1.8144E+02  2.8718E+02  3.3529E+02 -4.8113E+01 -3.5885E-01
  8.7616E+00  1.8144E+02  2.5579E+02  2.5501E+02  7.8254E-01  4.3015E-01
  8.7616E+00  1.8144E+02  1.1214E+02  1.4662E+02 -3.4481E+01 -6.5137E-01
  8.7616E+00  1.8144E+02  0.0000E+00  8.4366E+02  0.0000E+00  0.0000E+00
  8.7616E+00  1.8144E+02  3.6965E+02  3.5584E+02  1.3808E+01  7.8678E-01
  8.7616E+00  1.8144E+02  1.9764E+02  2.1995E+02 -2.2309E+01 -1.9577E-01
  4.4468E+00  1.0562E+02  0.0000E+00  9.9906E+02  0.0000E+00  0.0000E+00
  4.4468E+00  1.0562E+02  8.6452E+02  9.6832E+02 -1.0380E+02 -7.6977E-01
  4.4468E+00  1.0562E+02  9.0068E+02  9.3883E+02 -3.8149E+01 -1.0074E-01
  4.4468E+00  1.0562E+02  8.8333E+02  8.8342E+02 -8.9260E-02  2.7634E-01
  4.4468E+00  1.0562E+02  7.6736E+02  7.8549E+02 -1.8135E+01 -3.2870E-02
  4.4468E+00  1.0562E+02  6.0706E+02  6.3191E+02 -2.4852E+01 -3.3074E-01
  4.4468E+00  1.0562E+02  5.7125E+02  5.2067E+02  5.0582E+01  7.5961E-01
  4.4468E+00  1.0562E+02  4.4828E+02  4.3934E+02  8.9398E+00 -3.8545E-02
  4.4468E+00  1.0562E+02  3.3874E+02  3.3404E+02  4.6999E+00 -2.3707E-01
  4.4468E+00  1.0562E+02  2.8661E+02  2.0748E+02  7.9128E+01  1.4792E+00
  4.4468E+00  1.0562E+02  0.0000E+00  1.2060E+03  0.0000E+00  0.0000E+00
  4.4468E+00  1.0562E+02  5.3065E+02  4.8919E+02  4.1459E+01  2.1034E-01
  4.4468E+00  1.0562E+02  3.9785E+02  3.2821E+02  6.9641E+01  8.0820E-01
  3.9550E+00  8.0013E+01  0.0000E+00  1.3431E+03  0.0000E+00  0.0000E+00
  3.9550E+00  8.0013E+01  1.3794E+03  1.2938E+03  8.5593E+01  1.2327E+00
  3.9550E+00  8.0013E+01  1.1309E+03  1.2469E+03 -1.1596E+02 -4.7865E-01
  3.9550E+00  8.0013E+01  9.9132E+02  1.1596E+03 -1.6830E+02 -1.0479E+00
  3.9550E+00  8.0013E+01  1.0328E+03  1.0088E+03  2.3965E+01  6.9679E-01
  3.9550E+00  8.0013E+01  6.8218E+02  7.8248E+02 -1.0030E+02 -9.2087E-01
  3.9550E+00  8.0013E+01  4.4811E+02  6.2807E+02 -1.7996E+02 -2.4154E+00
  3.9550E+00  8.0013E+01  4.2073E+02  5.2166E+02 -1.0093E+02 -1.4670E+00
  3.9550E+00  8.0013E+01  4.3866E+02  3.9442E+02  4.4242E+01  1.0735E+00
  3.9550E+00  8.0013E+01  2.7272E+02  2.6031E+02  1.2414E+01  5.1117E-01
  3.9550E+00  8.0013E+01  0.0000E+00  1.6028E+03  0.0000E+00  0.0000E+00
  3.9550E+00  8.0013E+01  6.1568E+02  5.9992E+02  1.5761E+01  5.4677E-01
  3.9550E+00  8.0013E+01  4.2111E+02  4.2688E+02 -5.7746E+00  2.4376E-01
  4.6875E+00  9.9953E+01  0.0000E+00  1.0834E+03  0.0000E+00  0.0000E+00
  4.6875E+00  9.9953E+01  9.8692E+02  1.0480E+03 -6.1082E+01  6.3581E-02
  4.6875E+00  9.9953E+01  8.9456E+02  1.0141E+03 -1.1958E+02 -5.7710E-01
  4.6875E+00  9.9953E+01  7.6615E+02  9.5073E+02 -1.8458E+02 -1.3994E+00
  4.6875E+00  9.9953E+01  8.7059E+02  8.3937E+02  3.1215E+01  8.8597E-01
  4.6875E+00  9.9953E+01  5.9477E+02  6.6693E+02 -7.2161E+01 -7.0606E-01
  4.6875E+00  9.9953E+01  6.8675E+02  5.4416E+02  1.4259E+02  2.5336E+00
  4.6875E+00  9.9953E+01  4.4364E+02  4.5592E+02 -1.2276E+01 -1.5586E-01
  4.6875E+00  9.9953E+01  3.7970E+02  3.4422E+02  3.5477E+01  6.8039E-01
  4.6875E+00  9.9953E+01  2.1926E+02  2.1504E+02  4.2162E+00 -8.0359E-03
  4.6875E+00  9.9953E+01  0.0000E+00  1.2978E+03  0.0000E+00  0.0000E+00
  4.6875E+00  9.9953E+01  4.8976E+02  5.0638E+02 -1.6624E+01 -3.8517E-01
  4.6875E+00  9.9953E+01  3.5330E+02  3.4187E+02  1.1429E+01  6.5214E-02
  3.8974E+00  9.1507E+01  0.0000E+00  1.1542E+03  0.0000E+00  0.0000E+00
  3.8974E+00  9.1507E+01  1.0199E+03  1.1148E+03 -9.4874E+01 -5.2739E-01
  3.8974E+00  9.1507E+01  1.0815E+03  1.0771E+03  4.3725E+00  3.8820E-01
  3.8974E+00  9.1507E+01  1.0804E+03  1.0068E+03  7.3601E+01  1.0597E+00
  3.8974E+00  9.1507E+01  6.7072E+02  8.8394E+02 -2.1322E+02 -2.2635E+00
  3.8974E+00  9.1507E+01  6.9332E+02  6.9560E+02 -2.2844E+00 -2.5451E-02
  3.8974E+00  9.1507E+01  6.2094E+02  5.6337E+02  5.7573E+01  7.6503E-01
  3.8974E+00  9.1507E+01  4.3636E+02  4.6960E+02 -3.3235E+01 -8.9440E-01
  3.8974E+00  9.1507E+01  3.3045E+02  3.5305E+02 -2.2597E+01 -9.1181E-01
  3.8974E+00  9.1507E+01  2.3088E+02  2.2222E+02  8.6576E+00 -3.1665E-01
  3.8974E+00  9.1507E+01  0.0000E+00  1.3758E+03  0.0000E+00  0.0000E+00
  3.8974E+00  9.1507E+01  6.2432E+02  5.2196E+02  1.0236E+02  1.0744E+00
  3.8974E+00  9.1507E+01  5.0982E+02  3.5501E+02  1.5481E+02  2.3500E+00
  2.2498E+00  5.0764E+01  0.0000E+00  1.7993E+03  0.0000E+00  0.0000E+00
  2.2498E+00  5.0764E+01  1.7533E+03  1.7195E+03  3.3800E+01 -5.6659E-01
  2.2498E+00  5.0764E+01  1.6242E+03  1.6443E+03 -2.0081E+01 -9.0034E-01
  2.2498E+00  5.0764E+01  1.8109E+03  1.5064E+03  3.0448E+02  1.4645E+00
  2.2498E+00  5.0764E+01  1.4795E+03  1.2745E+03  2.0495E+02  1.0560E+00
  2.2498E+00  5.0764E+01  1.0457E+03  9.4471E+02  1.0099E+02  5.3599E-01
  2.2498E+00  5.0764E+01  7.8695E+02  7.3584E+02  5.1109E+01  1.7277E-01
  2.2498E+00  5.0764E+01  6.6139E+02  6.0210E+02  5.9285E+01  4.2715E-01
  2.2498E+00  5.0764E+01  5.0553E+02  4.5713E+02  4.8399E+01  3.6066E-01
  2.2498E+00  5.0764E+01  3.3071E+02  3.2562E+02  5.0937E+00 -5.6771E-01
  2.2498E+00  5.0764E+01  0.0000E+00  2.1243E+03  0.0000E+00  0.0000E+00
  2.2498E+00  5.0764E+01  8.0202E+02  7.2767E+02  7.4347E+01  2.4444E-01
  2.2498E+00  5.0764E+01  6.7118E+02  5.5377E+02  1.1741E+02  9.2862E-01
  8.8538E+00  1.7918E+02  0.0000E+00  7.3198E+02  0.0000E+00  0.0000E+00
  8.8538E+00  1.7918E+02  4.7463E+02  7.1199E+02 -2.3736E+02 -1.3693E+00
  8.8538E+00  1.7918E+02  5.5012E+02  6.9272E+02 -1.4260E+02 -1.6396E-01
  8.8538E+00  1.7918E+02  4.8615E+02  6.5620E+02 -1.7005E+02 -7.2535E-01
  8.8538E+00  1.7918E+02  4.8037E+02  5.9063E+02 -1.1026E+02 -1.5049E-01
  8.8538E+00  1.7918E+02  4.2991E+02  4.8448E+02 -5.4570E+01  2.9002E-01
  8.8538E+00  1.7918E+02  3.8031E+02  4.0421E+02 -2.3902E+01  5.1978E-01
  8.8538E+00  1.7918E+02  2.8459E+02  3.4301E+02 -5.8420E+01 -4.4432E-01
  8.8538E+00  1.7918E+02  2.4631E+02  2.5916E+02 -1.2851E+01  2.0743E-01
  8.8538E+00  1.7918E+02  1.3546E+02  1.4839E+02 -1.2929E+01 -3.3580E-02
  8.8538E+00  1.7918E+02  0.0000E+00  8.7984E+02  0.0000E+00  0.0000E+00
  8.8538E+00  1.7918E+02  2.9698E+02  3.6139E+02 -6.4414E+01 -6.7584E-01
  8.8538E+00  1.7918E+02  2.1587E+02  2.2280E+02 -6.9306E+00  2.9031E-01
  3.0157E+00  7.2049E+01  0.0000E+00  1.8754E+03  0.0000E+00  0.0000E+00
  3.0157E+00  7.2049E+01  1.2620E+03  1.7910E+03 -5.2898E+02 -1.0534E+00
  3.0157E+00  7.2049E+01  1.4200E+03  1.7115E+03 -2.9146E+02  2.5258E-01
  3.0157E+00  7.2049E+01  1.1964E+03  1.5659E+03 -3.6955E+02 -5.9618E-01
  3.0157E+00  7.2049E+01  1.0694E+03  1.3220E+03 -2.5258E+02 -3.6180E-01
  3.0157E+00  7.2049E+01  7.7580E+02  9.7712E+02 -2.0132E+02 -9.5485E-01
  3.0157E+00  7.2049E+01  6.0936E+02  7.6068E+02 -1.5132E+02 -1.1434E+00
  3.0157E+00  7.2049E+01  4.5240E+02  6.2336E+02 -1.7096E+02 -1.9434E+00
  3.0157E+00  7.2049E+01  4.4608E+02  4.7641E+02 -3.0326E+01  5.6300E-02
  3.0157E+00  7.2049E+01  3.1986E+02  3.4617E+02 -2.6311E+01  3.4116E-01
  3.0157E+00  7.2049E+01  0.0000E+00  2.2210E+03  0.0000E+00  0.0000E+00
  3.0157E+00  7.2049E+01  7.9160E+02  7.6806E+02  2.3539E+01  1.2534E+00
  3.0157E+00  7.2049E+01  4.6494E+02  5.9523E+02 -1.3029E+02 -7.6026E-01
  3.1156E+00  7.5324E+01  0.0000E+00  1.3775E+03  0.0000E+00  0.0000E+00
  3.1156E+00  7.5324E+01  1.0616E+03  1.3279E+03 -2.6633E+02 -1.7563E+00
  3.1156E+00  7.5324E+01  1.4464E+03  1.2807E+03  1.6565E+02  1.7648E+00
  3.1156E+00  7.5324E+01  1.0552E+03  1.1931E+03 -1.3786E+02 -8.8073E-01
  3.1156E+00  7.5324E+01  1.0047E+03  1.0414E+03 -3.6700E+01 -8.2333E-02
  3.1156E+00  7.5324E+01  8.9108E+02  8.1350E+02  7.7581E+01  1.1330E+00
  3.1156E+00  7.5324E+01  6.2276E+02  6.5786E+02 -3.5099E+01 -4.4048E-01
  3.1156E+00  7.5324E+01  6.0010E+02  5.5053E+02  4.9574E+01  8.1322E-01
  3.1156E+00  7.5324E+01  4.8807E+02  4.2217E+02  6.5896E+01  1.1798E+00
  3.1156E+00  7.5324E+01  3.2645E+02  2.8745E+02  3.8995E+01  7.6282E-01
  3.1156E+00  7.5324E+01  0.0000E+00  1.6643E+03  0.0000E+00  0.0000E+00
  3.1156E+00  7.5324E+01  6.5073E+02  6.5462E+02 -3.8901E+00 -1.5596E-01
  3.1156E+00  7.5324E+01  4.5184E+02  4.8014E+02 -2.8298E+01 -6.4909E-01
  5.2994E+00  7.9297E+01  0.0000E+00  1.2127E+03  0.0000E+00  0.0000E+00
  5.2994E+00  7.9297E+01  1.3277E+03  1.1678E+03  1.5993E+02  1.2171E+00
  5.2994E+00  7.9297E+01  1.0599E+03  1.1250E+03 -6.5097E+01 -8.3171E-01
  5.2994E+00  7.9297E+01  9.1437E+02  1.0454E+03 -1.3103E+02 -1.5101E+00
  5.2994E+00  7.9297E+01  1.1161E+03  9.0743E+02  2.0867E+02  2.2130E+00
  5.2994E+00  7.9297E+01  6.5768E+02  6.9912E+02 -4.1440E+01 -6.2996E-01
  5.2994E+00  7.9297E+01  5.6239E+02  5.5585E+02  6.5409E+00  1.3484E-01
  5.2994E+00  7.9297E+01  4.0581E+02  4.5627E+02 -5.0456E+01 -8.3377E-01
  5.2994E+00  7.9297E+01  3.6124E+02  3.3570E+02  2.5538E+01  6.8358E-01
  5.2994E+00  7.9297E+01  2.3071E+02  2.0592E+02  2.4794E+01  7.5322E-01
  5.2994E+00  7.9297E+01  0.0000E+00  1.4180E+03  0.0000E+00  0.0000E+00
  5.2994E+00  7.9297E+01  4.6929E+02  4.8949E+02 -2.0198E+01 -1.4456E-01
  5.2994E+00  7.9297E+01  2.6061E+02  3.2454E+02 -6.3931E+01 -1.1043E+00
  3.9739E+00  8.0410E+01  0.0000E+00  1.4917E+03  0.0000E+00  0.0000E+00
  3.9739E+00  8.0410E+01  1.2836E+03  1.4305E+03 -1.4690E+02  2.0490E-01
  3.9739E+00  8.0410E+01  1.1576E+03  1.3725E+03 -2.1493E+02 -4.1454E-01
  3.9739E+00  8.0410E+01  1.0265E+03  1.2655E+03 -2.3901E+02 -8.3593E-01
  3.9739E+00  8.0410E+01  9.8059E+02  1.0829E+03 -1.0233E+02  1.7702E-02
  3.9739E+00  8.0410E+01  6.6306E+02  8.1567E+02 -1.5261E+02 -1.2070E+00
  3.9739E+00  8.0410E+01  5.6716E+02  6.3956E+02 -7.2399E+01 -6.5563E-01
  3.9739E+00  8.0410E+01  4.6544E+02  5.2220E+02 -5.6762E+01 -7.1602E-01
  3.9739E+00  8.0410E+01  4.0431E+02  3.8786E+02  1.6454E+01  4.3978E-01
  3.9739E+00  8.0410E+01  2.2168E+02  2.5488E+02 -3.3199E+01 -5.8463E-01
  3.9739E+00  8.0410E+01  0.0000E+00  1.7460E+03  0.0000E+00  0.0000E+00
  3.9739E+00  8.0410E+01  6.8992E+02  5.8808E+02  1.0184E+02  1.8151E+00
  3.9739E+00  8.0410E+01  3.9739E+02  4.1572E+02 -1.8326E+01 -7.9832E-02
  6.8031E+00  1.0004E+02  0.0000E+00  8.3163E+02  0.0000E+00  0.0000E+00
  6.8031E+00  1.0004E+02  9.6079E+02  8.0748E+02  1.5331E+02  3.9573E-01
  6.8031E+00  1.0004E+02  1.0020E+03  7.8425E+02  2.1775E+02  1.2982E+00
  6.8031E+00  1.0004E+02  8.0979E+02  7.4040E+02  6.9393E+01 -4.5044E-01
  6.8031E+00  1.0004E+02  8.4959E+02  6.6220E+02  1.8739E+02  1.5002E+00
  6.8031E+00  1.0004E+02  4.8718E+02  5.3735E+02 -5.0166E+01 -1.6996E+00
  6.8031E+00  1.0004E+02  5.5061E+02  4.4469E+02  1.0592E+02  1.3686E+00
  6.8031E+00  1.0004E+02  3.9569E+02  3.7533E+02  2.0365E+01  3.7858E-02
  6.8031E+00  1.0004E+02  2.1112E+02  2.8259E+02 -7.1472E+01 -1.6955E+00
  6.8031E+00  1.0004E+02  1.5929E+02  1.6513E+02 -5.8434E+00 -9.4763E-02
  6.8031E+00  1.0004E+02  0.0000E+00  9.9621E+02  0.0000E+00  0.0000E+00
  6.8031E+00  1.0004E+02  3.6445E+02  3.9932E+02 -3.4871E+01 -7.5066E-01
  6.8031E+00  1.0004E+02  2.6386E+02  2.5184E+02  1.2019E+01  3.6412E-01
  4.2871E+00  7.6038E+01  0.0000E+00  1.3766E+03  0.0000E+00  0.0000E+00
  4.2871E+00  7.6038E+01  1.2948E+03  1.3242E+03 -2.9439E+01  7.0289E-02
  4.2871E+00  7.6038E+01  1.3185E+03  1.2745E+03  4.4030E+01  6.7739E-01
  4.2871E+00  7.6038E+01  1.1987E+03  1.1822E+03  1.6540E+01  4.5461E-01
  4.2871E+00  7.6038E+01  8.7292E+02  1.0232E+03 -1.5026E+02 -1.2373E+00
  4.2871E+00  7.6038E+01  6.9589E+02  7.8622E+02 -9.0329E+01 -8.5576E-01
  4.2871E+00  7.6038E+01  5.4803E+02  6.2612E+02 -7.8094E+01 -8.8316E-01
  4.2871E+00  7.6038E+01  4.3305E+02  5.1682E+02 -8.3765E+01 -1.1310E+00
  4.2871E+00  7.6038E+01  3.0729E+02  3.8766E+02 -8.0371E+01 -1.2796E+00
  4.2871E+00  7.6038E+01  2.7006E+02  2.5387E+02  1.6186E+01  7.2314E-01
  4.2871E+00  7.6038E+01  0.0000E+00  1.6299E+03  0.0000E+00  0.0000E+00
  4.2871E+00  7.6038E+01  5.5687E+02  5.8689E+02 -3.0016E+01 -2.0143E-02
  4.2871E+00  7.6038E+01  4.2469E+02  4.1427E+02  1.0423E+01  7.4162E-01
  7.5723E+00  1.2414E+02  0.0000E+00  7.4141E+02  0.0000E+00  0.0000E+00
  7.5723E+00  1.2414E+02  7.7883E+02  7.2118E+02  5.7646E+01  8.5052E-02
  7.5723E+00  1.2414E+02  8.2335E+02  7.0168E+02  1.2167E+02  1.0009E+00
  7.5723E+00  1.2414E+02  7.5366E+02  6.6475E+02  8.8912E+01  6.3977E-01
  7.5723E+00  1.2414E+02  5.9759E+02  5.9843E+02 -8.4298E-01 -5.6854E-01
  7.5723E+00  1.2414E+02  4.5558E+02  4.9114E+02 -3.5557E+01 -1.0312E+00
  7.5723E+00  1.2414E+02  4.3919E+02  4.1006E+02  2.9128E+01  2.7426E-01
  7.5723E+00  1.2414E+02  3.5244E+02  3.4829E+02  4.1535E+00 -1.0216E-01
  7.5723E+00  1.2414E+02  3.0260E+02  2.6372E+02  3.8876E+01  8.1671E-01
  7.5723E+00  1.2414E+02  1.3886E+02  1.5210E+02 -1.3242E+01 -3.1128E-01
  7.5723E+00  1.2414E+02  0.0000E+00  8.9298E+02  0.0000E+00  0.0000E+00
  7.5723E+00  1.2414E+02  3.8158E+02  3.6917E+02  1.2406E+01  2.0382E-01
  7.5723E+00  1.2414E+02  1.9627E+02  2.2927E+02 -3.2996E+01 -7.3258E-01
  2.5685E+00  6.4359E+01  0.0000E+00  1.3978E+03  0.0000E+00  0.0000E+00
  2.5685E+00  6.4359E+01  1.2696E+03  1.3444E+03 -7.4794E+01 -1.5015E+00
  2.5685E+00  6.4359E+01  1.3926E+03  1.2936E+03  9.8994E+01 -8.4678E-02
  2.5685E+00  6.4359E+01  1.4763E+03  1.1995E+03  2.7685E+02  1.5524E+00
  2.5685E+00  6.4359E+01  1.1537E+03  1.0375E+03  1.1624E+02  2.5878E-01
  2.5685E+00  6.4359E+01  8.9035E+02  7.9647E+02  9.3885E+01  2.2902E-01
  2.5685E+00  6.4359E+01  8.1961E+02  6.3409E+02  1.8552E+02  1.7645E+00
  2.5685E+00  6.4359E+01  7.0540E+02  5.2352E+02  1.8188E+02  2.0106E+00
  2.5685E+00  6.4359E+01  5.3520E+02  3.9336E+02  1.4184E+02  1.6190E+00
  2.5685E+00  6.4359E+01  3.1254E+02  2.5934E+02  5.3201E+01 -1.3207E-01
  2.5685E+00  6.4359E+01  0.0000E+00  1.6566E+03  0.0000E+00  0.0000E+00
  2.5685E+00  6.4359E+01  6.8348E+02  5.9789E+02  8.5587E+01 -3.4734E-01
  2.5685E+00  6.4359E+01  6.2442E+02  4.2472E+02  1.9970E+02  1.7193E+00
  7.0093E+00  1.1258E+02  0.0000E+00  9.6533E+02  0.0000E+00  0.0000E+00
  7.0093E+00  1.1258E+02  9.2395E+02  9.3605E+02 -1.2095E+01  6.2707E-01
  7.0093E+00  1.1258E+02  9.4500E+02  9.0794E+02  3.7056E+01  1.1739E+00
  7.0093E+00  1.1258E+02  6.5103E+02  8.5509E+02 -2.0406E+02 -1.6612E+00
  7.0093E+00  1.1258E+02  6.1912E+02  7.6149E+02 -1.4237E+02 -1.1044E+00
  7.0093E+00  1.1258E+02  6.0952E+02  6.1412E+02 -4.6028E+00  6.6500E-01
  7.0093E+00  1.1258E+02  4.4338E+02  5.0681E+02 -6.3430E+01 -3.5958E-01
  7.0093E+00  1.1258E+02  3.1196E+02  4.2794E+02 -1.1598E+02 -1.4554E+00
  7.0093E+00  1.1258E+02  3.2035E+02  3.2510E+02 -4.7533E+00  6.4082E-01
  7.0093E+00  1.1258E+02  1.8680E+02  2.0001E+02 -1.3213E+01  4.4658E-01
  7.0093E+00  1.1258E+02  0.0000E+00  1.1648E+03  0.0000E+00  0.0000E+00
  7.0093E+00  1.1258E+02  3.7437E+02  4.7334E+02 -9.8968E+01 -6.8375E-01
  7.0093E+00  1.1258E+02  1.8278E+02  3.1453E+02 -1.3175E+02 -1.6058E+00
  6.3998E+00  1.3658E+02  0.0000E+00  1.1318E+03  0.0000E+00  0.0000E+00
  6.3998E+00  1.3658E+02  6.4156E+02  1.0925E+03 -4.5093E+02 -1.3538E+00
  6.3998E+00  1.3658E+02  7.0706E+02  1.0549E+03 -3.4787E+02 -5.4205E-01
  6.3998E+00  1.3658E+02  6.6278E+02  9.8477E+02 -3.2199E+02 -6.3154E-01
  6.3998E+00  1.3658E+02  6.6319E+02  8.6230E+02 -1.9911E+02  1.1719E-01
  6.3998E+00  1.3658E+02  5.0338E+02  6.7478E+02 -1.7140E+02 -5.4182E-01
  6.3998E+00  1.3658E+02  3.7617E+02  5.4333E+02 -1.6716E+02 -1.3204E+00
  6.3998E+00  1.3658E+02  3.3035E+02  4.5024E+02 -1.1989E+02 -1.1007E+00
  6.3998E+00  1.3658E+02  2.8458E+02  3.3475E+02 -5.0167E+01 -2.8511E-01
  6.3998E+00  1.3658E+02  2.2210E+02  2.0549E+02  1.6609E+01  1.1188E+00
  6.3998E+00  1.3658E+02  0.0000E+00  1.3367E+03  0.0000E+00  0.0000E+00
  6.3998E+00  1.3658E+02  4.3162E+02  4.8803E+02 -5.6409E+01  1.2211E-01
  6.3998E+00  1.3658E+02  2.7287E+02  3.2394E+02 -5.1070E+01  5.8173E-02
  7.7771E+00  1.5159E+02  0.0000E+00  8.0909E+02  0.0000E+00  0.0000E+00
  7.7771E+00  1.5159E+02  6.3922E+02  7.8597E+02 -1.4675E+02 -4.1010E-01
  7.7771E+00  1.5159E+02  6.3730E+02  7.6372E+02 -1.2642E+02 -2.2226E-01
  7.7771E+00  1.5159E+02  5.8169E+02  7.2169E+02 -1.4000E+02 -5.4244E-01
  7.7771E+00  1.5159E+02  5.3902E+02  6.4660E+02 -1.0758E+02 -3.5539E-01
  7.7771E+00  1.5159E+02  4.5822E+02  5.2630E+02 -6.8081E+01 -1.6407E-01
  7.7771E+00  1.5159E+02  3.2916E+02  4.3661E+02 -1.0745E+02 -1.2305E+00
  7.7771E+00  1.5159E+02  3.9281E+02  3.6916E+02  2.3651E+01  1.0902E+00
  7.7771E+00  1.5159E+02  2.8185E+02  2.7843E+02  3.4163E+00  4.9093E-01
  7.7771E+00  1.5159E+02  1.7614E+02  1.6229E+02  1.3849E+01  6.2344E-01
  7.7771E+00  1.5159E+02  0.0000E+00  9.7083E+02  0.0000E+00  0.0000E+00
  7.7771E+00  1.5159E+02  3.5802E+02  3.9268E+02 -3.4663E+01 -1.3510E-01
  7.7771E+00  1.5159E+02  1.9568E+02  2.4690E+02 -5.1218E+01 -7.3883E-01
  4.3946E+00  9.8538E+01  0.0000E+00  1.0950E+03  0.0000E+00  0.0000E+00
  4.3946E+00  9.8538E+01  1.0797E+03  1.0592E+03  2.0514E+01  6.6683E-01
  4.3946E+00  9.8538E+01  9.8335E+02  1.0250E+03 -4.1607E+01  2.5485E-02
  4.3946E+00  9.8538E+01  9.1698E+02  9.6086E+02 -4.3880E+01 -5.6428E-02
  4.3946E+00  9.8538E+01  7.4134E+02  8.4835E+02 -1.0701E+02 -9.3088E-01
  4.3946E+00  9.8538E+01  5.8155E+02  6.7425E+02 -9.2696E+01 -1.1115E+00
  4.3946E+00  9.8538E+01  5.1316E+02  5.5042E+02 -3.7265E+01 -5.1835E-01
  4.3946E+00  9.8538E+01  4.3113E+02  4.6151E+02 -3.0384E+01 -5.5245E-01
  4.3946E+00  9.8538E+01  3.5520E+02  3.4914E+02  6.0560E+00  1.7222E-02
  4.3946E+00  9.8538E+01  3.0997E+02  2.1949E+02  9.0478E+01  1.9840E+00
  4.3946E+00  9.8538E+01  0.0000E+00  1.3139E+03  0.0000E+00  0.0000E+00
  4.3946E+00  9.8538E+01  4.8883E+02  5.1549E+02 -2.6660E+01 -6.1848E-01
  4.3946E+00  9.8538E+01  4.3541E+02  3.5016E+02  8.5249E+01  1.5071E+00
  1.0548E+01  1.4759E+02  0.0000E+00  8.1030E+02  0.0000E+00  0.0000E+00
  1.0548E+01  1.4759E+02  6.2398E+02  7.8707E+02 -1.6309E+02 -6.1199E-01
  1.0548E+01  1.4759E+02  6.1113E+02  7.6471E+02 -1.5358E+02 -5.4800E-01
  1.0548E+01  1.4759E+02  6.9387E+02  7.2247E+02 -2.8603E+01  1.0248E+00
  1.0548E+01  1.4759E+02  4.9399E+02  6.4704E+02 -1.5305E+02 -8.6915E-01
  1.0548E+01  1.4759E+02  4.2217E+02  5.2625E+02 -1.0408E+02 -4.5240E-01
  1.0548E+01  1.4759E+02  4.1692E+02  4.3625E+02 -1.9331E+01  8.7186E-01
  1.0548E+01  1.4759E+02  2.7889E+02  3.6861E+02 -8.9723E+01 -6.2813E-01
  1.0548E+01  1.4759E+02  1.1433E+02  2.7772E+02 -1.6339E+02 -2.5321E+00
  1.0548E+01  1.4759E+02  9.0436E+01  1.6157E+02 -7.1136E+01 -7.3256E-01
  1.0548E+01  1.4759E+02  0.0000E+00  9.7133E+02  0.0000E+00  0.0000E+00
  1.0548E+01  1.4759E+02  2.5653E+02  3.9133E+02 -1.3480E+02 -1.0167E+00
  1.0548E+01  1.4759E+02  1.4339E+02  2.4561E+02 -1.0222E+02 -6.9559E-01
  4.9464E+00  1.0434E+02  0.0000E+00  1.1943E+03  0.0000E+00  0.0000E+00
  4.9464E+00  1.0434E+02  9.8898E+02  1.1541E+03 -1.6510E+02  1.7537E-01
  4.9464E+00  1.0434E+02  8.9530E+02  1.1156E+03 -2.2031E+02 -4.3046E-01
  4.9464E+00  1.0434E+02  7.3142E+02  1.0438E+03 -3.1233E+02 -1.5557E+00
  4.9464E+00  1.0434E+02  8.2068E+02  9.1827E+02 -9.7589E+01  3.3388E-01
  4.9464E+00  1.0434E+02  6.8213E+02  7.2603E+02 -4.3899E+01  5.5597E-01
  4.9464E+00  1.0434E+02  4.1122E+02  5.9119E+02 -1.7997E+02 -1.8923E+00
  4.9464E+00  1.0434E+02  4.2797E+02  4.9570E+02 -6.7727E+01 -4.1566E-01
  4.9464E+00  1.0434E+02  4.1157E+02  3.7725E+02  3.4318E+01  1.3036E+00
  4.9464E+00  1.0434E+02  1.5514E+02  2.4486E+02 -8.9718E+01 -1.4417E+00
  4.9464E+00  1.0434E+02  0.0000E+00  1.4386E+03  0.0000E+00  0.0000E+00
  4.9464E+00  1.0434E+02  4.8723E+02  5.6781E+02 -8.0583E+01 -4.1723E-01
  4.9464E+00  1.0434E+02  3.5983E+02  3.9789E+02 -3.8062E+01  2.3200E-01
  2.8431E+00  7.4262E+01  0.0000E+00  2.0048E+03  0.0000E+00  0.0000E+00
  2.8431E+00  7.4262E+01  1.2427E+03  1.9104E+03 -6.6768E+02 -1.0510E+00
  2.8431E+00  7.4262E+01  1.2234E+03  1.8217E+03 -5.9826E+02 -9.0867E-01
  2.8431E+00  7.4262E+01  1.2470E+03  1.6599E+03 -4.1291E+02 -2.1475E-01
  2.8431E+00  7.4262E+01  1.1132E+03  1.3907E+03 -2.7750E+02 -3.6754E-02
  2.8431E+00  7.4262E+01  7.9939E+02  1.0156E+03 -2.1620E+02 -7.9940E-01
  2.8431E+00  7.4262E+01  5.3938E+02  7.8484E+02 -2.4546E+02 -2.1848E+00
  2.8431E+00  7.4262E+01  5.0626E+02  6.4132E+02 -1.3506E+02 -1.2913E+00
  2.8431E+00  7.4262E+01  3.9439E+02  4.9177E+02 -9.7377E+01 -1.0230E+00
  2.8431E+00  7.4262E+01  3.7587E+02  3.6426E+02  1.1608E+01  1.3218E+00
  2.8431E+00  7.4262E+01  0.0000E+00  2.3685E+03  0.0000E+00  0.0000E+00
  2.8431E+00  7.4262E+01  6.8446E+02  8.0205E+02 -1.1759E+02 -3.5665E-01
  2.8431E+00  7.4262E+01  5.7309E+02  6.3161E+02 -5.8517E+01  6.5999E-01
  7.0584E+00  1.3911E+02  0.0000E+00  8.1175E+02  0.0000E+00  0.0000E+00
  7.0584E+00  1.3911E+02  6.1824E+02  7.8847E+02 -1.7023E+02 -1.2150E+00
  7.0584E+00  1.3911E+02  6.2839E+02  7.6606E+02 -1.3767E+02 -8.7074E-01
  7.0584E+00  1.3911E+02  7.3652E+02  7.2374E+02  1.2779E+01  1.0231E+00
  7.0584E+00  1.3911E+02  5.9190E+02  6.4816E+02 -5.6258E+01 -7.0719E-02
  7.0584E+00  1.3911E+02  4.5048E+02  5.2715E+02 -7.6667E+01 -7.2369E-01
  7.0584E+00  1.3911E+02  4.8021E+02  4.3700E+02  4.3207E+01  1.2060E+00
  7.0584E+00  1.3911E+02  4.1843E+02  3.6926E+02  4.9165E+01  1.2673E+00
  7.0584E+00  1.3911E+02  2.3366E+02  2.7826E+02 -4.4600E+01 -8.7431E-01
  7.0584E+00  1.3911E+02  1.7484E+02  1.6201E+02  1.2835E+01  3.4536E-01
  7.0584E+00  1.3911E+02  0.0000E+00  9.7321E+02  0.0000E+00  0.0000E+00
  7.0584E+00  1.3911E+02  3.5434E+02  3.9225E+02 -3.7910E+01 -6.1502E-01
  7.0584E+00  1.3911E+02  2.6127E+02  2.4638E+02  1.4894E+01  3.7882E-01
  4.1021E+00  8.7897E+01  0.0000E+00  1.7062E+03  0.0000E+00  0.0000E+00
  4.1021E+00  8.7897E+01  1.1910E+03  1.6336E+03 -4.4265E+02 -1.0364E-01
  4.1021E+00  8.7897E+01  1.0766E+03  1.5651E+03 -4.8847E+02 -6.2169E-01
  4.1021E+00  8.7897E+01  1.1005E+03  1.4390E+03 -3.3851E+02  7.4114E-02
  4.1021E+00  8.7897E+01  7.7537E+02  1.2257E+03 -4.5033E+02 -1.6207E+00
  4.1021E+00  8.7897E+01  5.4997E+02  9.1868E+02 -3.6871E+02 -2.3871E+00
  4.1021E+00  8.7897E+01  5.6891E+02  7.2108E+02 -1.5217E+02 -7.0785E-01
  4.1021E+00  8.7897E+01  4.1327E+02  5.9252E+02 -1.7925E+02 -1.6655E+00
  4.1021E+00  8.7897E+01  3.5843E+02  4.5020E+02 -9.1771E+01 -6.2032E-01
  4.1021E+00  8.7897E+01  2.3706E+02  3.1727E+02 -8.0210E+01 -2.9596E-01
  4.1021E+00  8.7897E+01  0.0000E+00  2.0229E+03  0.0000E+00  0.0000E+00
  4.1021E+00  8.7897E+01  5.2303E+02  7.1236E+02 -1.8933E+02 -9.8545E-01
  4.1021E+00  8.7897E+01  4.6766E+02  5.3753E+02 -6.9875E+01  9.2290E-01
  2.1794E+00  5.9806E+01  0.0000E+00  1.4045E+03  0.0000E+00  0.0000E+00
  2.1794E+00  5.9806E+01  1.5797E+03  1.3543E+03  2.2537E+02  1.8375E-01
  2.1794E+00  5.9806E+01  1.4292E+03  1.3066E+03  1.2260E+02 -5.6851E-01
  2.1794E+00  5.9806E+01  1.4742E+03  1.2179E+03  2.5632E+02  7.3120E-01
  2.1794E+00  5.9806E+01  1.1901E+03  1.0645E+03  1.2561E+02 -1.5409E-01
  2.1794E+00  5.9806E+01  1.0915E+03  8.3409E+02  2.5741E+02  1.9467E+00
  2.1794E+00  5.9806E+01  8.7579E+02  6.7688E+02  1.9891E+02  1.8082E+00
  2.1794E+00  5.9806E+01  5.8671E+02  5.6859E+02  1.8120E+01 -6.4942E-01
  2.1794E+00  5.9806E+01  5.6850E+02  4.3938E+02  1.2912E+02  1.5095E+00
  2.1794E+00  5.9806E+01  3.7349E+02  3.0470E+02  6.8789E+01  4.2528E-01
  2.1794E+00  5.9806E+01  0.0000E+00  1.7086E+03  0.0000E+00  0.0000E+00
  2.1794E+00  5.9806E+01  8.1158E+02  6.8930E+02  1.2228E+02  4.4622E-01
  2.1794E+00  5.9806E+01  6.3181E+02  5.1461E+02  1.1720E+02  4.1711E-01
  6.4689E+00  1.3196E+02  0.0000E+00  9.6743E+02  0.0000E+00  0.0000E+00
  6.4689E+00  1.3196E+02  6.1557E+02  9.3650E+02 -3.2093E+02 -1.6799E+00
  6.4689E+00  1.3196E+02  7.3090E+02  9.0686E+02 -1.7596E+02 -1.9411E-01
  6.4689E+00  1.3196E+02  7.4550E+02  8.5119E+02 -1.0569E+02  4.3377E-01
  6.4689E+00  1.3196E+02  5.7296E+02  7.5296E+02 -1.8000E+02 -8.6765E-01
  6.4689E+00  1.3196E+02  5.3121E+02  5.9934E+02 -6.8128E+01  5.9837E-02
  6.4689E+00  1.3196E+02  4.0786E+02  4.8849E+02 -8.0633E+01 -6.2107E-01
  6.4689E+00  1.3196E+02  4.6334E+02  4.0775E+02  5.5588E+01  1.6290E+00
  6.4689E+00  1.3196E+02  3.4493E+02  3.0372E+02  4.1212E+01  1.1819E+00
  6.4689E+00  1.3196E+02  1.4343E+02  1.7998E+02 -3.6554E+01 -7.2334E-01
  6.4689E+00  1.3196E+02  0.0000E+00  1.1469E+03  0.0000E+00  0.0000E+00
  6.4689E+00  1.3196E+02  3.9614E+02  4.3365E+02 -3.7509E+01 -3.2841E-01
  6.4689E+00  1.3196E+02  2.6421E+02  2.7793E+02 -1.3715E+01 -3.0555E-02
  3.7313E+00  7.8024E+01  0.0000E+00  1.3032E+03  0.0000E+00  0.0000E+00
  3.7313E+00  7.8024E+01  1.2444E+03  1.2559E+03 -1.1473E+01  5.3913E-03
  3.7313E+00  7.8024E+01  1.1954E+03  1.2108E+03 -1.5394E+01 -3.9845E-02
  3.7313E+00  7.8024E+01  1.0055E+03  1.1269E+03 -1.2145E+02 -1.0596E+00
  3.7313E+00  7.8024E+01  1.0955E+03  9.8174E+02  1.1376E+02  1.2549E+00
  3.7313E+00  7.8024E+01  7.2794E+02  7.6294E+02 -3.4996E+01 -4.7129E-01
  3.7313E+00  7.8024E+01  6.2554E+02  6.1289E+02  1.2654E+01  1.2369E-01
  3.7313E+00  7.8024E+01  5.5854E+02  5.0893E+02  4.9608E+01  7.4131E-01
  3.7313E+00  7.8024E+01  4.2651E+02  3.8372E+02  4.2792E+01  6.9154E-01
  3.7313E+00  7.8024E+01  3.0484E+02  2.5014E+02  5.4700E+01  1.0712E+00
  3.7313E+00  7.8024E+01  0.0000E+00  1.5528E+03  0.0000E+00  0.0000E+00
  3.7313E+00  7.8024E+01  5.6156E+02  5.7933E+02 -1.7769E+01 -5.0556E-01
  3.7313E+00  7.8024E+01  4.1685E+02  4.0743E+02  9.4154E+00 -1.0204E-01
  8.6716E+00  1.1095E+02  0.0000E+00  8.7713E+02  0.0000E+00  0.0000E+00
  8.6716E+00  1.1095E+02  8.7412E+02  8.5091E+02  2.3211E+01  2.0216E-01
  8.6716E+00  1.1095E+02  9.0601E+02  8.2571E+02  8.0297E+01  9.2703E-01
  8.6716E+00  1.1095E+02  7.7762E+02  7.7823E+02 -6.1226E-01 -5.4271E-03
  8.6716E+00  1.1095E+02  7.3954E+02  6.9384E+02  4.5702E+01  7.4035E-01
  8.6716E+00  1.1095E+02  5.0539E+02  5.5997E+02 -5.4576E+01 -5.8071E-01
  8.6716E+00  1.1095E+02  3.2086E+02  4.6149E+02 -1.4063E+02 -2.0782E+00
  8.6716E+00  1.1095E+02  3.0146E+02  3.8839E+02 -8.6927E+01 -1.1150E+00
  8.6716E+00  1.1095E+02  2.0268E+02  2.9178E+02 -8.9104E+01 -1.2062E+00
  8.6716E+00  1.1095E+02  1.9209E+02  1.7181E+02  2.0283E+01  1.3212E+00
  8.6716E+00  1.1095E+02  0.0000E+00  1.0484E+03  0.0000E+00  0.0000E+00
  8.6716E+00  1.1095E+02  3.0917E+02  4.1440E+02 -1.0523E+02 -8.5823E-01
  8.6716E+00  1.1095E+02  1.5316E+02  2.6356E+02 -1.1040E+02 -1.1817E+00
  3.8431E+00  5.6308E+01  0.0000E+00  1.0636E+03  0.0000E+00  0.0000E+00
  3.8431E+00  5.6308E+01  1.6724E+03  1.0274E+03  6.4496E+02  1.2511E+00
  3.8431E+00  5.6308E+01  1.5995E+03  9.9286E+02  6.0664E+02  1.1754E+00
  3.8431E+00  5.6308E+01  1.4358E+03  9.2818E+02  5.0762E+02  7.1203E-01
  3.8431E+00  5.6308E+01  1.3667E+03  8.1485E+02  5.5185E+02  2.4091E+00
  3.8431E+00  5.6308E+01  9.4186E+02  6.4012E+02  3.0174E+02  1.0408E+00
  3.8431E+00  5.6308E+01  7.5409E+02  5.1644E+02  2.3765E+02  1.4289E+00
  3.8431E+00  5.6308E+01  5.1713E+02  4.2803E+02  8.9104E+01 -3.4005E-01
  3.8431E+00  5.6308E+01  3.7459E+02  3.1693E+02  5.7661E+01 -1.6442E-01
  3.8431E+00  5.6308E+01  2.1213E+02  1.9013E+02  2.2001E+01 -7.0330E-01
  3.8431E+00  5.6308E+01  0.0000E+00  1.2532E+03  0.0000E+00  0.0000E+00
  3.8431E+00  5.6308E+01  5.8540E+02  4.5609E+02  1.2931E+02  3.5099E-01
  3.8431E+00  5.6308E+01  3.9841E+02  2.9602E+02  1.0239E+02  2.6490E-01
  5.6607E+00  1.0662E+02  0.0000E+00  9.5658E+02  0.0000E+00  0.0000E+00
  5.6607E+00  1.0662E+02  8.7518E+02  9.2866E+02 -5.3482E+01 -4.1713E-01
  5.6607E+00  1.0662E+02  9.5574E+02  9.0184E+02  5.3897E+01  7.8539E-01
  5.6607E+00  1.0662E+02  8.6427E+02  8.5133E+02  1.2937E+01  3.3571E-01
  5.6607E+00  1.0662E+02  6.6578E+02  7.6166E+02 -9.5882E+01 -1.0493E+00
  5.6607E+00  1.0662E+02  6.1201E+02  6.1977E+02 -7.7557E+00  1.0707E-01
  5.6607E+00  1.0662E+02  5.3227E+02  5.1574E+02  1.6532E+01  5.3326E-01
  5.6607E+00  1.0662E+02  4.1247E+02  4.3879E+02 -2.6316E+01 -2.1484E-01
  5.6607E+00  1.0662E+02  3.2347E+02  3.3757E+02 -1.4095E+01  1.3650E-02
  5.6607E+00  1.0662E+02  1.7859E+02  2.1248E+02 -3.3889E+01 -4.6485E-01
  5.6607E+00  1.0662E+02  0.0000E+00  1.1685E+03  0.0000E+00  0.0000E+00
  5.6607E+00  1.0662E+02  4.2818E+02  4.9755E+02 -6.9367E+01 -7.4600E-01
  5.6607E+00  1.0662E+02  2.9531E+02  3.3792E+02 -4.2615E+01 -3.4473E-01
  8.9351E+00  1.0913E+02  0.0000E+00  8.6620E+02  0.0000E+00  0.0000E+00
  8.9351E+00  1.0913E+02  9.3309E+02  8.4057E+02  9.2521E+01  8.8603E-01
  8.9351E+00  1.0913E+02  8.5632E+02  8.1593E+02  4.0387E+01  3.0491E-01
  8.9351E+00  1.0913E+02  7.2858E+02  7.6948E+02 -4.0904E+01 -6.5363E-01
  8.9351E+00  1.0913E+02  8.0145E+02  6.8684E+02  1.1461E+02  1.6040E+00
  8.9351E+00  1.0913E+02  5.1727E+02  5.5549E+02 -3.8219E+01 -3.8126E-01
  8.9351E+00  1.0913E+02  3.3206E+02  4.5861E+02 -1.2655E+02 -1.8532E+00
  8.9351E+00  1.0913E+02  3.0667E+02  3.8651E+02 -7.9836E+01 -9.6992E-01
  8.9351E+00  1.0913E+02  2.0294E+02  2.9089E+02 -8.7948E+01 -1.1359E+00
  8.9351E+00  1.0913E+02  1.1745E+02  1.7140E+02 -5.3947E+01 -4.4280E-01
  8.9351E+00  1.0913E+02  0.0000E+00  1.0370E+03  0.0000E+00  0.0000E+00
  8.9351E+00  1.0913E+02  2.3727E+02  4.1315E+02 -1.7588E+02 -2.1308E+00
  8.9351E+00  1.0913E+02  2.1447E+02  2.6287E+02 -4.8402E+01  3.3239E-01
  2.5861E+00  7.0635E+01  0.0000E+00  1.5059E+03  0.0000E+00  0.0000E+00
  2.5861E+00  7.0635E+01  1.4623E+03  1.4483E+03  1.3985E+01  5.9556E-01
  2.5861E+00  7.0635E+01  1.3180E+03  1.3936E+03 -7.5630E+01 -1.1902E-01
  2.5861E+00  7.0635E+01  1.0416E+03  1.2924E+03 -2.5079E+02 -1.6690E+00
  2.5861E+00  7.0635E+01  1.0177E+03  1.1187E+03 -1.0101E+02 -6.4840E-01
  2.5861E+00  7.0635E+01  9.4213E+02  8.6180E+02  8.0327E+01  1.0552E+00
  2.5861E+00  7.0635E+01  7.5851E+02  6.9015E+02  6.8364E+01  8.8778E-01
  2.5861E+00  7.0635E+01  5.7800E+02  5.7429E+02  3.7061E+00 -1.4668E-01
  2.5861E+00  7.0635E+01  4.5702E+02  4.3972E+02  1.7300E+01 -1.7749E-02
  2.5861E+00  7.0635E+01  2.8669E+02  3.0496E+02 -1.8265E+01 -8.0589E-01
  2.5861E+00  7.0635E+01  0.0000E+00  1.8103E+03  0.0000E+00  0.0000E+00
  2.5861E+00  7.0635E+01  8.1887E+02  6.8966E+02  1.2921E+02  1.3551E+00
  2.5861E+00  7.0635E+01  6.0076E+02  5.1420E+02  8.6556E+01  8.6469E-01
  3.8166E+00  7.3319E+01  0.0000E+00  1.4054E+03  0.0000E+00  0.0000E+00
  3.8166E+00  7.3319E+01  1.4078E+03  1.3519E+03  5.5914E+01  6.6101E-01
  3.8166E+00  7.3319E+01  1.2849E+03  1.3010E+03 -1.6098E+01  8.0318E-02
  3.8166E+00  7.3319E+01  1.1379E+03  1.2067E+03 -6.8752E+01 -4.0195E-01
  3.8166E+00  7.3319E+01  9.5893E+02  1.0443E+03 -8.5386E+01 -6.6869E-01
  3.8166E+00  7.3319E+01  6.7385E+02  8.0278E+02 -1.2893E+02 -1.4549E+00
  3.8166E+00  7.3319E+01  7.7275E+02  6.4001E+02  1.3274E+02  2.1147E+00
  3.8166E+00  7.3319E+01  4.9457E+02  5.2917E+02 -3.4601E+01 -4.5219E-01
  3.8166E+00  7.3319E+01  4.2595E+02  3.9870E+02  2.7253E+01  6.5580E-01
  3.8166E+00  7.3319E+01  2.4910E+02  2.6446E+02 -1.5359E+01 -2.0490E-01
  3.8166E+00  7.3319E+01  0.0000E+00  1.6693E+03  0.0000E+00  0.0000E+00
  3.8166E+00  7.3319E+01  6.0660E+02  6.0824E+02 -1.6404E+00  1.5476E-01
  3.8166E+00  7.3319E+01  3.7970E+02  4.3462E+02 -5.4917E+01 -8.0639E-01
  6.2590E+00  1.0948E+02  0.0000E+00  8.9673E+02  0.0000E+00  0.0000E+00
  6.2590E+00  1.0948E+02  8.5804E+02  8.6947E+02 -1.1430E+01 -3.1341E-01
  6.2590E+00  1.0948E+02  9.1352E+02  8.4329E+02  7.0227E+01  6.6263E-01
  6.2590E+00  1.0948E+02  8.0989E+02  7.9400E+02  1.5886E+01  3.2118E-02
  6.2590E+00  1.0948E+02  6.7718E+02  7.0654E+02 -2.9364E+01 -5.5267E-01
  6.2590E+00  1.0948E+02  5.7251E+02  5.6827E+02  4.2394E+00 -4.7808E-02
  6.2590E+00  1.0948E+02  5.9378E+02  4.6701E+02  1.2677E+02  2.1958E+00
  6.2590E+00  1.0948E+02  3.1196E+02  3.9218E+02 -8.0217E+01 -1.6422E+00
  6.2590E+00  1.0948E+02  2.7304E+02  2.9387E+02 -2.0827E+01 -4.9694E-01
  6.2590E+00  1.0948E+02  1.3821E+02  1.7303E+02 -3.4819E+01 -8.8461E-01
  6.2590E+00  1.0948E+02  0.0000E+00  1.0692E+03  0.0000E+00  0.0000E+00
  6.2590E+00  1.0948E+02  3.7421E+02  4.1756E+02 -4.3354E+01 -8.7672E-01
  6.2590E+00  1.0948E+02  3.4150E+02  2.6567E+02  7.5833E+01  1.6704E+00
  5.1014E+00  8.8429E+01  0.0000E+00  1.2442E+03  0.0000E+00  0.0000E+00
  5.1014E+00  8.8429E+01  1.0269E+03  1.1993E+03 -1.7243E+02 -7.4852E-01
  5.1014E+00  8.8429E+01  1.0175E+03  1.1566E+03 -1.3905E+02 -5.0883E-01
  5.1014E+00  8.8429E+01  1.0535E+03  1.0769E+03 -2.3411E+01  5.0731E-01
  5.1014E+00  8.8429E+01  9.1812E+02  9.3869E+02 -2.0573E+01  4.5447E-01
  5.1014E+00  8.8429E+01  6.8792E+02  7.2953E+02 -4.1607E+01  2.1755E-02
  5.1014E+00  8.8429E+01  5.4714E+02  5.8523E+02 -3.8093E+01 -9.1168E-02
  5.1014E+00  8.8429E+01  3.9560E+02  4.8466E+02 -8.9063E+01 -1.1125E+00
  5.1014E+00  8.8429E+01  4.2813E+02  3.6251E+02  6.5622E+01  1.7653E+00
  5.1014E+00  8.8429E+01  1.7333E+02  2.3033E+02 -5.7004E+01 -8.7179E-01
  5.1014E+00  8.8429E+01  0.0000E+00  1.4740E+03  0.0000E+00  0.0000E+00
  5.1014E+00  8.8429E+01  5.1706E+02  5.3912E+02 -2.2056E+01  2.5655E-01
  5.1014E+00  8.8429E+01  2.6015E+02  3.6992E+02 -1.0977E+02 -1.4859E+00
  6.2317E+00  9.7881E+01  0.0000E+00  1.3150E+03  0.0000E+00  0.0000E+00
  6.2317E+00  9.7881E+01  9.5125E+02  1.2641E+03 -3.1281E+02 -7.6709E-01
  6.2317E+00  9.7881E+01  1.0057E+03  1.2157E+03 -2.0997E+02 -4.9046E-04
  6.2317E+00  9.7881E+01  9.5986E+02  1.1259E+03 -1.6604E+02  2.0428E-01
  6.2317E+00  9.7881E+01  7.6380E+02  9.7129E+02 -2.0749E+02 -6.0576E-01
  6.2317E+00  9.7881E+01  5.3865E+02  7.4077E+02 -2.0212E+02 -1.3571E+00
  6.2317E+00  9.7881E+01  4.5962E+02  5.8492E+02 -1.2530E+02 -8.5089E-01
  6.2317E+00  9.7881E+01  4.0815E+02  4.7840E+02 -7.0245E+01 -2.6451E-01
  6.2317E+00  9.7881E+01  2.3245E+02  3.5227E+02 -1.1982E+02 -1.5806E+00
  6.2317E+00  9.7881E+01  2.4098E+02  2.2097E+02  2.0011E+01  1.4400E+00
  6.2317E+00  9.7881E+01  0.0000E+00  1.5354E+03  0.0000E+00  0.0000E+00
  6.2317E+00  9.7881E+01  4.0428E+02  5.2014E+02 -1.1586E+02 -6.4173E-01
  6.2317E+00  9.7881E+01  2.6473E+02  3.5216E+02 -8.7429E+01 -2.7934E-01
  6.7957E+00  1.3107E+02  0.0000E+00  7.7929E+02  0.0000E+00  0.0000E+00
  6.7957E+00  1.3107E+02  8.1896E+02  7.5730E+02  6.1660E+01  9.2654E-01
  6.7957E+00  1.3107E+02  7.4240E+02  7.3612E+02  6.2786E+00  2.0152E-01
  6.7957E+00  1.3107E+02  5.4904E+02  6.9607E+02 -1.4703E+02 -1.9344E+00
  6.7957E+00  1.3107E+02  6.3892E+02  6.2441E+02  1.4512E+01  2.8529E-01
  6.7957E+00  1.3107E+02  5.4625E+02  5.0920E+02  3.7049E+01  6.3673E-01
  6.7957E+00  1.3107E+02  3.7861E+02  4.2291E+02 -4.4295E+01 -8.9295E-01
  6.7957E+00  1.3107E+02  4.0112E+02  3.5771E+02  4.3409E+01  7.8961E-01
  6.7957E+00  1.3107E+02  2.6304E+02  2.6949E+02 -6.4509E+00 -2.9754E-01
  6.7957E+00  1.3107E+02  2.2239E+02  1.5544E+02  6.6953E+01  1.4957E+00
  6.7957E+00  1.3107E+02  0.0000E+00  9.3419E+02  0.0000E+00  0.0000E+00
  6.7957E+00  1.3107E+02  3.5195E+02  3.7776E+02 -2.5808E+01 -7.5753E-01
  6.7957E+00  1.3107E+02  2.8577E+02  2.3492E+02  5.0852E+01  8.9656E-01
  5.1616E+00  8.9963E+01  0.0000E+00  1.5563E+03  0.0000E+00  0.0000E+00
  5.1616E+00  8.9963E+01  1.1468E+03  1.4920E+03 -3.4517E+02  2.7148E-02
  5.1616E+00  8.9963E+01  1.1456E+03  1.4311E+03 -2.8548E+02  3.1748E-01
  5.1616E+00  8.9963E+01  7.9697E+02  1.3188E+03 -5.2183E+02 -1.9044E+00
  5.1616E+00  8.9963E+01  7.9321E+02  1.1276E+03 -3.3444E+02 -1.0355E+00
  5.1616E+00  8.9963E+01  6.7117E+02  8.4911E+02 -1.7794E+02 -4.5586E-01
  5.1616E+00  8.9963E+01  5.1746E+02  6.6671E+02 -1.4925E+02 -7.9401E-01
  5.1616E+00  8.9963E+01  4.6884E+02  5.4594E+02 -7.7100E+01 -9.6184E-02
  5.1616E+00  8.9963E+01  3.0589E+02  4.0892E+02 -1.0303E+02 -8.9139E-01
  5.1616E+00  8.9963E+01  2.0143E+02  2.7536E+02 -7.3935E+01 -3.0308E-01
  5.1616E+00  8.9963E+01  0.0000E+00  1.8311E+03  0.0000E+00  0.0000E+00
  5.1616E+00  8.9963E+01  5.1359E+02  6.2914E+02 -1.1555E+02 -9.0692E-02
  5.1616E+00  8.9963E+01  2.7890E+02  4.5511E+02 -1.7621E+02 -1.1691E+00
