TABLE NO.  2
 CL          V1          DV          PRED        RES         WRES
  3.9853E+00  8.5961E+01  0.0000E+00  1.1115E+03  0.0000E+00  0.0000E+00
  3.9853E+00  8.5961E+01  1.1191E+03  1.0750E+03  4.4111E+01 -9.0780E-02
  3.9853E+00  8.5961E+01  1.2574E+03  1.0401E+03  2.1733E+02  2.2797E+00
  3.9853E+00  8.5961E+01  9.1638E+02  9.7464E+02 -5.8260E+01 -1.4238E+00
  3.9853E+00  8.5961E+01  8.0113E+02  8.5966E+02 -5.8530E+01 -1.3650E+00
  3.9853E+00  8.5961E+01  6.6857E+02  6.8136E+02 -1.2795E+01 -6.5305E-01
  3.9853E+00  8.5961E+01  5.9021E+02  5.5427E+02  3.5942E+01  6.7956E-02
  3.9853E+00  8.5961E+01  5.8108E+02  4.6286E+02  1.1822E+02  1.2233E+00
  3.9853E+00  8.5961E+01  4.1931E+02  3.4730E+02  7.2007E+01  6.3805E-01
  3.9853E+00  8.5961E+01  1.9041E+02  2.1537E+02 -2.4958E+01 -6.4400E-01
  3.9853E+00  8.5961E+01  0.0000E+00  1.3263E+03  0.0000E+00  0.0000E+00
  3.9853E+00  8.5961E+01  6.0738E+02  5.1034E+02  9.7042E+01  6.9086E-01
  3.9853E+00  8.5961E+01  4.3271E+02  3.4371E+02  8.8996E+01  6.3830E-01
  9.4980E+00  1.7746E+02  0.0000E+00  1.1115E+03  0.0000E+00  0.0000E+00
  9.4980E+00  1.7746E+02  5.6653E+02  1.0750E+03 -5.0846E+02 -1.6448E-01
  9.4980E+00  1.7746E+02  5.2905E+02  1.0401E+03 -5.1102E+02 -5.3901E-01
  9.4980E+00  1.7746E+02  5.1680E+02  9.7464E+02 -4.5784E+02 -4.3946E-01
  9.4980E+00  1.7746E+02  4.4628E+02  8.5966E+02 -4.1338E+02 -8.7879E-01
  9.4980E+00  1.7746E+02  3.6115E+02  6.8136E+02 -3.2021E+02 -1.0765E+00
  9.4980E+00  1.7746E+02  3.2982E+02  5.5427E+02 -2.2445E+02 -6.6808E-01
  9.4980E+00  1.7746E+02  2.2139E+02  4.6286E+02 -2.4147E+02 -1.4332E+00
  9.4980E+00  1.7746E+02  1.7080E+02  3.4730E+02 -1.7650E+02 -1.0440E+00
  9.4980E+00  1.7746E+02  1.8166E+02  2.1537E+02 -3.3708E+01  6.8601E-01
  9.4980E+00  1.7746E+02  0.0000E+00  1.3263E+03  0.0000E+00  0.0000E+00
  9.4980E+00  1.7746E+02  3.2780E+02  5.1034E+02 -1.8254E+02 -4.5156E-02
  9.4980E+00  1.7746E+02  1.9211E+02  3.4371E+02 -1.5160E+02  6.4250E-02
  4.1835E+00  6.5191E+01  0.0000E+00  1.1115E+03  0.0000E+00  0.0000E+00
  4.1835E+00  6.5191E+01  1.4155E+03  1.0750E+03  3.4051E+02  8.3138E-02
  4.1835E+00  6.5191E+01  1.4169E+03  1.0401E+03  3.7683E+02  8.4108E-01
  4.1835E+00  6.5191E+01  1.3565E+03  9.7464E+02  3.8186E+02  1.3939E+00
  4.1835E+00  6.5191E+01  1.1643E+03  8.5966E+02  3.0464E+02  1.1550E+00
  4.1835E+00  6.5191E+01  7.4324E+02  6.8136E+02  6.1875E+01 -1.0143E+00
  4.1835E+00  6.5191E+01  5.5124E+02  5.5427E+02 -3.0282E+00 -1.2186E+00
  4.1835E+00  6.5191E+01  5.6873E+02  4.6286E+02  1.0587E+02  6.5713E-01
  4.1835E+00  6.5191E+01  3.9794E+02  3.4730E+02  5.0637E+01  2.6002E-01
  4.1835E+00  6.5191E+01  2.4278E+02  2.1537E+02  2.7412E+01  5.4602E-02
  4.1835E+00  6.5191E+01  0.0000E+00  1.3263E+03  0.0000E+00  0.0000E+00
  4.1835E+00  6.5191E+01  4.7920E+02  5.1034E+02 -3.1138E+01 -1.1536E+00
  4.1835E+00  6.5191E+01  3.6566E+02  3.4371E+02  2.1946E+01 -2.8391E-01
  6.0799E+00  9.6944E+01  0.0000E+00  1.1115E+03  0.0000E+00  0.0000E+00
  6.0799E+00  9.6944E+01  9.5973E+02  1.0750E+03 -1.1526E+02 -5.0177E-01
  6.0799E+00  9.6944E+01  1.0435E+03  1.0401E+03  3.4294E+00  1.0740E+00
  6.0799E+00  9.6944E+01  9.5971E+02  9.7464E+02 -1.4930E+01  7.6047E-01
  6.0799E+00  9.6944E+01  7.1131E+02  8.5966E+02 -1.4835E+02 -1.1596E+00
  6.0799E+00  9.6944E+01  6.1453E+02  6.8136E+02 -6.6835E+01 -2.1156E-01
  6.0799E+00  9.6944E+01  4.1518E+02  5.5427E+02 -1.3909E+02 -1.2934E+00
  6.0799E+00  9.6944E+01  3.5987E+02  4.6286E+02 -1.0299E+02 -8.6816E-01
  6.0799E+00  9.6944E+01  2.7913E+02  3.4730E+02 -6.8173E+01 -4.6265E-01
  6.0799E+00  9.6944E+01  1.9785E+02  2.1537E+02 -1.7518E+01  1.7638E-01
  6.0799E+00  9.6944E+01  0.0000E+00  1.3263E+03  0.0000E+00  0.0000E+00
  6.0799E+00  9.6944E+01  4.6899E+02  5.1034E+02 -4.1348E+01  2.9079E-01
  6.0799E+00  9.6944E+01  2.4153E+02  3.4371E+02 -1.0218E+02 -6.1464E-01
  4.7201E+00  1.0294E+02  0.0000E+00  1.1115E+03  0.0000E+00  0.0000E+00
  4.7201E+00  1.0294E+02  1.0133E+03  1.0750E+03 -6.1689E+01  7.3920E-01
  4.7201E+00  1.0294E+02  7.6164E+02  1.0401E+03 -2.7843E+02 -2.3001E+00
  4.7201E+00  1.0294E+02  9.7801E+02  9.7464E+02  3.3697E+00  1.3453E+00
  4.7201E+00  1.0294E+02  7.4614E+02  8.5966E+02 -1.1352E+02 -5.3935E-01
  4.7201E+00  1.0294E+02  6.0828E+02  6.8136E+02 -7.3085E+01 -4.0423E-01
  4.7201E+00  1.0294E+02  5.3022E+02  5.5427E+02 -2.4048E+01  1.3931E-02
  4.7201E+00  1.0294E+02  3.9199E+02  4.6286E+02 -7.0873E+01 -7.6592E-01
  4.7201E+00  1.0294E+02  3.0239E+02  3.4730E+02 -4.4913E+01 -5.3939E-01
  4.7201E+00  1.0294E+02  2.9800E+02  2.1537E+02  8.2632E+01  1.1583E+00
  4.7201E+00  1.0294E+02  0.0000E+00  1.3263E+03  0.0000E+00  0.0000E+00
  4.7201E+00  1.0294E+02  5.4380E+02  5.1034E+02  3.3462E+01  5.6107E-01
  4.7201E+00  1.0294E+02  3.9315E+02  3.4371E+02  4.9436E+01  7.3569E-01
  2.9753E+00  5.8625E+01  0.0000E+00  1.1115E+03  0.0000E+00  0.0000E+00
  2.9753E+00  5.8625E+01  1.4989E+03  1.0750E+03  4.2391E+02 -9.6924E-01
  2.9753E+00  5.8625E+01  1.5536E+03  1.0401E+03  5.1353E+02  5.9973E-01
  2.9753E+00  5.8625E+01  1.5695E+03  9.7464E+02  5.9486E+02  2.3491E+00
  2.9753E+00  5.8625E+01  1.2798E+03  8.5966E+02  4.2014E+02  1.0589E+00
  2.9753E+00  5.8625E+01  1.0121E+03  6.8136E+02  3.3074E+02  1.3578E+00
  2.9753E+00  5.8625E+01  6.5152E+02  5.5427E+02  9.7252E+01 -8.9260E-01
  2.9753E+00  5.8625E+01  6.0419E+02  4.6286E+02  1.4133E+02  2.5296E-01
  2.9753E+00  5.8625E+01  4.2720E+02  3.4730E+02  7.9897E+01 -8.1410E-02
  2.9753E+00  5.8625E+01  3.7303E+02  2.1537E+02  1.5766E+02  1.1699E+00
  2.9753E+00  5.8625E+01  0.0000E+00  1.3263E+03  0.0000E+00  0.0000E+00
  2.9753E+00  5.8625E+01  6.3569E+02  5.1034E+02  1.2535E+02 -3.8251E-01
  2.9753E+00  5.8625E+01  4.7395E+02  3.4371E+02  1.3024E+02 -2.9108E-02
  3.5621E+00  5.4120E+01  0.0000E+00  1.1115E+03  0.0000E+00  0.0000E+00
  3.5621E+00  5.4120E+01  2.0246E+03  1.0750E+03  9.4961E+02  5.1211E+00
  3.5621E+00  5.4120E+01  1.3733E+03  1.0401E+03  3.3323E+02 -2.8010E+00
  3.5621E+00  5.4120E+01  1.6100E+03  9.7464E+02  6.3536E+02  2.1086E+00
  3.5621E+00  5.4120E+01  1.1757E+03  8.5966E+02  3.1604E+02 -8.7252E-01
  3.5621E+00  5.4120E+01  9.1290E+02  6.8136E+02  2.3154E+02 -1.3605E-01
  3.5621E+00  5.4120E+01  7.0147E+02  5.5427E+02  1.4720E+02 -1.4584E-01
  3.5621E+00  5.4120E+01  5.3042E+02  4.6286E+02  6.7557E+01 -5.5724E-01
  3.5621E+00  5.4120E+01  4.2397E+02  3.4730E+02  7.6667E+01  1.6326E-01
  3.5621E+00  5.4120E+01  2.3317E+02  2.1537E+02  1.7802E+01 -4.3859E-01
  3.5621E+00  5.4120E+01  0.0000E+00  1.3263E+03  0.0000E+00  0.0000E+00
  3.5621E+00  5.4120E+01  5.6760E+02  5.1034E+02  5.7262E+01 -7.4841E-01
  3.5621E+00  5.4120E+01  4.1611E+02  3.4371E+02  7.2396E+01 -2.6944E-01
  4.8071E+00  8.5441E+01  0.0000E+00  1.1115E+03  0.0000E+00  0.0000E+00
  4.8071E+00  8.5441E+01  1.1763E+03  1.0750E+03  1.0131E+02  7.4169E-01
  4.8071E+00  8.5441E+01  9.4208E+02  1.0401E+03 -9.7991E+01 -1.9224E+00
  4.8071E+00  8.5441E+01  1.1236E+03  9.7464E+02  1.4896E+02  1.5031E+00
  4.8071E+00  8.5441E+01  9.8161E+02  8.5966E+02  1.2195E+02  1.2600E+00
  4.8071E+00  8.5441E+01  5.6723E+02  6.8136E+02 -1.1413E+02 -1.7728E+00
  4.8071E+00  8.5441E+01  5.7152E+02  5.5427E+02  1.7252E+01  1.1219E-01
  4.8071E+00  8.5441E+01  5.0878E+02  4.6286E+02  4.5917E+01  5.6053E-01
  4.8071E+00  8.5441E+01  2.4187E+02  3.4730E+02 -1.0543E+02 -1.4422E+00
  4.8071E+00  8.5441E+01  2.2522E+02  2.1537E+02  9.8518E+00  1.3462E-01
  4.8071E+00  8.5441E+01  0.0000E+00  1.3263E+03  0.0000E+00  0.0000E+00
  4.8071E+00  8.5441E+01  4.8232E+02  5.1034E+02 -2.8018E+01 -3.9166E-01
  4.8071E+00  8.5441E+01  3.8954E+02  3.4371E+02  4.5826E+01  6.2533E-01
  6.1782E+00  1.2961E+02  0.0000E+00  1.1115E+03  0.0000E+00  0.0000E+00
  6.1782E+00  1.2961E+02  7.6644E+02  1.0750E+03 -3.0855E+02 -1.1942E-01
  6.1782E+00  1.2961E+02  7.1946E+02  1.0401E+03 -3.2061E+02 -5.0333E-01
  6.1782E+00  1.2961E+02  6.8271E+02  9.7464E+02 -2.9193E+02 -5.1702E-01
  6.1782E+00  1.2961E+02  5.8026E+02  8.5966E+02 -2.7940E+02 -1.0210E+00
  6.1782E+00  1.2961E+02  5.9267E+02  6.8136E+02 -8.8695E+01  6.2579E-01
  6.1782E+00  1.2961E+02  4.0905E+02  5.5427E+02 -1.4522E+02 -7.1113E-01
  6.1782E+00  1.2961E+02  3.5152E+02  4.6286E+02 -1.1134E+02 -5.8980E-01
  6.1782E+00  1.2961E+02  2.7799E+02  3.4730E+02 -6.9313E+01 -3.2541E-01
  6.1782E+00  1.2961E+02  1.9130E+02  2.1537E+02 -2.4068E+01  1.7566E-01
  6.1782E+00  1.2961E+02  0.0000E+00  1.3263E+03  0.0000E+00  0.0000E+00
  6.1782E+00  1.2961E+02  4.2019E+02  5.1034E+02 -9.0148E+01 -1.3182E-01
  6.1782E+00  1.2961E+02  3.4546E+02  3.4371E+02  1.7458E+00  9.5268E-01
  6.0984E+00  1.1705E+02  0.0000E+00  1.1115E+03  0.0000E+00  0.0000E+00
  6.0984E+00  1.1705E+02  7.9618E+02  1.0750E+03 -2.7881E+02 -6.9162E-01
  6.0984E+00  1.1705E+02  8.3944E+02  1.0401E+03 -2.0063E+02  2.0791E-01
  6.0984E+00  1.1705E+02  7.1555E+02  9.7464E+02 -2.5909E+02 -8.8090E-01
  6.0984E+00  1.1705E+02  6.9976E+02  8.5966E+02 -1.5990E+02 -2.9515E-02
  6.0984E+00  1.1705E+02  5.7212E+02  6.8136E+02 -1.0924E+02 -3.4374E-02
  6.0984E+00  1.1705E+02  4.9811E+02  5.5427E+02 -5.6158E+01  2.6547E-01
  6.0984E+00  1.1705E+02  4.7992E+02  4.6286E+02  1.7057E+01  1.0081E+00
  6.0984E+00  1.1705E+02  2.4836E+02  3.4730E+02 -9.8943E+01 -7.9526E-01
  6.0984E+00  1.1705E+02  1.0268E+02  2.1537E+02 -1.1269E+02 -1.0727E+00
  6.0984E+00  1.1705E+02  0.0000E+00  1.3263E+03  0.0000E+00  0.0000E+00
  6.0984E+00  1.1705E+02  3.6600E+02  5.1034E+02 -1.4434E+02 -9.7916E-01
  6.0984E+00  1.1705E+02  3.5518E+02  3.4371E+02  1.1466E+01  1.0018E+00
  4.3217E+00  6.8136E+01  0.0000E+00  1.1115E+03  0.0000E+00  0.0000E+00
  4.3217E+00  6.8136E+01  1.4515E+03  1.0750E+03  3.7651E+02  1.3433E+00
  4.3217E+00  6.8136E+01  1.3329E+03  1.0401E+03  2.9283E+02  4.2736E-01
  4.3217E+00  6.8136E+01  1.3379E+03  9.7464E+02  3.6326E+02  1.7848E+00
  4.3217E+00  6.8136E+01  9.4601E+02  8.5966E+02  8.6350E+01 -1.3025E+00
  4.3217E+00  6.8136E+01  7.4169E+02  6.8136E+02  6.0325E+01 -7.2281E-01
  4.3217E+00  6.8136E+01  5.1778E+02  5.5427E+02 -3.6488E+01 -1.4758E+00
  4.3217E+00  6.8136E+01  4.9300E+02  4.6286E+02  3.0137E+01 -2.4167E-01
  4.3217E+00  6.8136E+01  3.0902E+02  3.4730E+02 -3.8283E+01 -8.7786E-01
  4.3217E+00  6.8136E+01  2.4272E+02  2.1537E+02  2.7352E+01  1.0420E-01
  4.3217E+00  6.8136E+01  0.0000E+00  1.3263E+03  0.0000E+00  0.0000E+00
  4.3217E+00  6.8136E+01  5.5956E+02  5.1034E+02  4.9222E+01  5.4139E-02
  4.3217E+00  6.8136E+01  4.0933E+02  3.4371E+02  6.5616E+01  4.0100E-01
  7.7416E+00  1.4839E+02  0.0000E+00  1.1115E+03  0.0000E+00  0.0000E+00
  7.7416E+00  1.4839E+02  6.4161E+02  1.0750E+03 -4.3338E+02 -5.2238E-01
  7.7416E+00  1.4839E+02  6.3296E+02  1.0401E+03 -4.0711E+02 -4.4141E-01
  7.7416E+00  1.4839E+02  6.1362E+02  9.7464E+02 -3.6102E+02 -3.2030E-01
  7.7416E+00  1.4839E+02  4.9143E+02  8.5966E+02 -3.6823E+02 -1.2630E+00
  7.7416E+00  1.4839E+02  5.3800E+02  6.8136E+02 -1.4336E+02  6.0527E-01
  7.7416E+00  1.4839E+02  4.0908E+02  5.5427E+02 -1.4519E+02 -1.3948E-01
  7.7416E+00  1.4839E+02  3.0697E+02  4.6286E+02 -1.5589E+02 -7.1514E-01
  7.7416E+00  1.4839E+02  2.2988E+02  3.4730E+02 -1.1742E+02 -5.8785E-01
  7.7416E+00  1.4839E+02  1.6031E+02  2.1537E+02 -5.5058E+01  9.7474E-02
  7.7416E+00  1.4839E+02  0.0000E+00  1.3263E+03  0.0000E+00  0.0000E+00
  7.7416E+00  1.4839E+02  3.5207E+02  5.1034E+02 -1.5827E+02 -3.4327E-01
  7.7416E+00  1.4839E+02  2.2876E+02  3.4371E+02 -1.1495E+02  6.1837E-03
  6.0638E+00  1.0128E+02  0.0000E+00  1.1115E+03  0.0000E+00  0.0000E+00
  6.0638E+00  1.0128E+02  1.0052E+03  1.0750E+03 -6.9789E+01  5.9573E-01
  6.0638E+00  1.0128E+02  9.4876E+02  1.0401E+03 -9.1311E+01  2.3886E-01
  6.0638E+00  1.0128E+02  7.9173E+02  9.7464E+02 -1.8291E+02 -1.1232E+00
  6.0638E+00  1.0128E+02  8.0978E+02  8.5966E+02 -4.9880E+01  4.8169E-01
  6.0638E+00  1.0128E+02  5.1670E+02  6.8136E+02 -1.6466E+02 -1.3604E+00
  6.0638E+00  1.0128E+02  4.7943E+02  5.5427E+02 -7.4838E+01 -3.1816E-01
  6.0638E+00  1.0128E+02  4.8334E+02  4.6286E+02  2.0477E+01  8.6674E-01
  6.0638E+00  1.0128E+02  3.0426E+02  3.4730E+02 -4.3043E+01 -1.0067E-01
  6.0638E+00  1.0128E+02  1.7540E+02  2.1537E+02 -3.9968E+01 -1.1745E-01
  6.0638E+00  1.0128E+02  0.0000E+00  1.3263E+03  0.0000E+00  0.0000E+00
  6.0638E+00  1.0128E+02  3.8195E+02  5.1034E+02 -1.2839E+02 -8.5863E-01
  6.0638E+00  1.0128E+02  2.6844E+02  3.4371E+02 -7.5274E+01 -2.3045E-01
  4.5656E+00  1.0244E+02  0.0000E+00  1.1115E+03  0.0000E+00  0.0000E+00
  4.5656E+00  1.0244E+02  9.1927E+02  1.0750E+03 -1.5572E+02 -6.0338E-01
  4.5656E+00  1.0244E+02  1.0162E+03  1.0401E+03 -2.3871E+01  1.0880E+00
  4.5656E+00  1.0244E+02  8.3158E+02  9.7464E+02 -1.4306E+02 -7.0830E-01
  4.5656E+00  1.0244E+02  6.8650E+02  8.5966E+02 -1.7316E+02 -1.4147E+00
  4.5656E+00  1.0244E+02  6.8069E+02  6.8136E+02 -6.7481E-01  5.1398E-01
  4.5656E+00  1.0244E+02  5.4727E+02  5.5427E+02 -6.9982E+00  1.8263E-01
  4.5656E+00  1.0244E+02  3.9618E+02  4.6286E+02 -6.6683E+01 -7.6999E-01
  4.5656E+00  1.0244E+02  3.4742E+02  3.4730E+02  1.1687E-01  1.3739E-02
  4.5656E+00  1.0244E+02  2.4179E+02  2.1537E+02  2.6422E+01  3.4234E-01
  4.5656E+00  1.0244E+02  0.0000E+00  1.3263E+03  0.0000E+00  0.0000E+00
  4.5656E+00  1.0244E+02  5.2893E+02  5.1034E+02  1.8592E+01  2.5145E-01
  4.5656E+00  1.0244E+02  4.4455E+02  3.4371E+02  1.0084E+02  1.3340E+00
  5.9821E+00  1.2383E+02  0.0000E+00  1.1115E+03  0.0000E+00  0.0000E+00
  5.9821E+00  1.2383E+02  6.8725E+02  1.0750E+03 -3.8774E+02 -1.6301E+00
  5.9821E+00  1.2383E+02  7.8551E+02  1.0401E+03 -2.5456E+02 -1.9765E-02
  5.9821E+00  1.2383E+02  8.0409E+02  9.7464E+02 -1.7055E+02  7.5982E-01
  5.9821E+00  1.2383E+02  6.1869E+02  8.5966E+02 -2.4097E+02 -7.9891E-01
  5.9821E+00  1.2383E+02  6.4530E+02  6.8136E+02 -3.6065E+01  1.1398E+00
  5.9821E+00  1.2383E+02  3.6659E+02  5.5427E+02 -1.8768E+02 -1.4275E+00
  5.9821E+00  1.2383E+02  3.4428E+02  4.6286E+02 -1.1858E+02 -7.9236E-01
  5.9821E+00  1.2383E+02  2.9213E+02  3.4730E+02 -5.5173E+01 -2.0527E-01
  5.9821E+00  1.2383E+02  2.3241E+02  2.1537E+02  1.7042E+01  6.7427E-01
  5.9821E+00  1.2383E+02  0.0000E+00  1.3263E+03  0.0000E+00  0.0000E+00
  5.9821E+00  1.2383E+02  4.7555E+02  5.1034E+02 -3.4788E+01  4.9154E-01
  5.9821E+00  1.2383E+02  2.8476E+02  3.4371E+02 -5.8954E+01  1.9145E-02
  5.9701E+00  8.2038E+01  0.0000E+00  1.1115E+03  0.0000E+00  0.0000E+00
  5.9701E+00  8.2038E+01  1.1739E+03  1.0750E+03  9.8911E+01  4.3814E-01
  5.9701E+00  8.2038E+01  1.0934E+03  1.0401E+03  5.3329E+01 -9.4866E-02
  5.9701E+00  8.2038E+01  1.1853E+03  9.7464E+02  2.1066E+02  2.1960E+00
  5.9701E+00  8.2038E+01  8.4922E+02  8.5966E+02 -1.0440E+01 -5.4673E-01
  5.9701E+00  8.2038E+01  5.6026E+02  6.8136E+02 -1.2110E+02 -1.6973E+00
  5.9701E+00  8.2038E+01  5.4130E+02  5.5427E+02 -1.2968E+01 -2.6071E-02
  5.9701E+00  8.2038E+01  3.4517E+02  4.6286E+02 -1.1769E+02 -1.3335E+00
  5.9701E+00  8.2038E+01  3.4035E+02  3.4730E+02 -6.9531E+00  2.5827E-01
  5.9701E+00  8.2038E+01  1.5098E+02  2.1537E+02 -6.4388E+01 -5.2673E-01
  5.9701E+00  8.2038E+01  0.0000E+00  1.3263E+03  0.0000E+00  0.0000E+00
  5.9701E+00  8.2038E+01  3.4837E+02  5.1034E+02 -1.6197E+02 -1.5217E+00
  5.9701E+00  8.2038E+01  3.0555E+02  3.4371E+02 -3.8164E+01  1.3401E-01
  5.4261E+00  8.2464E+01  0.0000E+00  1.1115E+03  0.0000E+00  0.0000E+00
  5.4261E+00  8.2464E+01  1.1998E+03  1.0750E+03  1.2481E+02  6.8607E-01
  5.4261E+00  8.2464E+01  1.0222E+03  1.0401E+03 -1.7871E+01 -1.1680E+00
  5.4261E+00  8.2464E+01  1.0646E+03  9.7464E+02  8.9960E+01  4.4533E-01
  5.4261E+00  8.2464E+01  1.0053E+03  8.5966E+02  1.4564E+02  1.4497E+00
  5.4261E+00  8.2464E+01  6.7742E+02  6.8136E+02 -3.9448E+00 -2.3959E-01
  5.4261E+00  8.2464E+01  5.5469E+02  5.5427E+02  4.2175E-01  1.9148E-02
  5.4261E+00  8.2464E+01  5.6975E+02  4.6286E+02  1.0689E+02  1.5770E+00
  5.4261E+00  8.2464E+01  2.9574E+02  3.4730E+02 -5.1563E+01 -4.8167E-01
  5.4261E+00  8.2464E+01  1.6019E+02  2.1537E+02 -5.5178E+01 -5.2596E-01
  5.4261E+00  8.2464E+01  0.0000E+00  1.3263E+03  0.0000E+00  0.0000E+00
  5.4261E+00  8.2464E+01  4.1274E+02  5.1034E+02 -9.7598E+01 -8.9914E-01
  5.4261E+00  8.2464E+01  1.7732E+02  3.4371E+02 -1.6639E+02 -1.8384E+00
  4.3899E+00  8.8372E+01  0.0000E+00  1.1115E+03  0.0000E+00  0.0000E+00
  4.3899E+00  8.8372E+01  9.7866E+02  1.0750E+03 -9.6329E+01 -1.5836E+00
  4.3899E+00  8.8372E+01  1.1075E+03  1.0401E+03  6.7429E+01  6.4552E-01
  4.3899E+00  8.8372E+01  1.1236E+03  9.7464E+02  1.4896E+02  1.7645E+00
  4.3899E+00  8.8372E+01  8.8544E+02  8.5966E+02  2.5780E+01  1.1456E-01
  4.3899E+00  8.8372E+01  5.9580E+02  6.8136E+02 -8.5565E+01 -1.3643E+00
  4.3899E+00  8.8372E+01  5.1740E+02  5.5427E+02 -3.6868E+01 -6.8191E-01
  4.3899E+00  8.8372E+01  4.8523E+02  4.6286E+02  2.2367E+01  1.3633E-01
  4.3899E+00  8.8372E+01  4.5055E+02  3.4730E+02  1.0325E+02  1.2501E+00
  4.3899E+00  8.8372E+01  2.1777E+02  2.1537E+02  2.4018E+00 -1.0397E-01
  4.3899E+00  8.8372E+01  0.0000E+00  1.3263E+03  0.0000E+00  0.0000E+00
  4.3899E+00  8.8372E+01  5.3960E+02  5.1034E+02  2.9262E+01  1.1772E-01
  4.3899E+00  8.8372E+01  3.9485E+02  3.4371E+02  5.1136E+01  4.3914E-01
  4.8996E+00  9.4643E+01  0.0000E+00  1.1115E+03  0.0000E+00  0.0000E+00
  4.8996E+00  9.4643E+01  9.1926E+02  1.0750E+03 -1.5573E+02 -1.4848E+00
  4.8996E+00  9.4643E+01  1.0906E+03  1.0401E+03  5.0529E+01  1.2792E+00
  4.8996E+00  9.4643E+01  9.4626E+02  9.7464E+02 -2.8380E+01  1.4419E-01
  4.8996E+00  9.4643E+01  8.5029E+02  8.5966E+02 -9.3698E+00  2.9494E-01
  4.8996E+00  9.4643E+01  6.2700E+02  6.8136E+02 -5.4365E+01 -4.6520E-01
  4.8996E+00  9.4643E+01  4.8514E+02  5.5427E+02 -6.9128E+01 -7.5581E-01
  4.8996E+00  9.4643E+01  4.9130E+02  4.6286E+02  2.8437E+01  5.1484E-01
  4.8996E+00  9.4643E+01  2.8188E+02  3.4730E+02 -6.5423E+01 -8.0680E-01
  4.8996E+00  9.4643E+01  2.8594E+02  2.1537E+02  7.0572E+01  1.0222E+00
  4.8996E+00  9.4643E+01  0.0000E+00  1.3263E+03  0.0000E+00  0.0000E+00
  4.8996E+00  9.4643E+01  4.6512E+02  5.1034E+02 -4.5218E+01 -4.7131E-01
  4.8996E+00  9.4643E+01  3.8225E+02  3.4371E+02  3.8536E+01  6.4192E-01
  4.6962E+00  8.5952E+01  0.0000E+00  1.1115E+03  0.0000E+00  0.0000E+00
  4.6962E+00  8.5952E+01  1.0732E+03  1.0750E+03 -1.7894E+00 -5.9537E-01
  4.6962E+00  8.5952E+01  1.1588E+03  1.0401E+03  1.1873E+02  1.0738E+00
  4.6962E+00  8.5952E+01  1.0554E+03  9.7464E+02  8.0760E+01  6.1985E-01
  4.6962E+00  8.5952E+01  9.3004E+02  8.5966E+02  7.0380E+01  5.8146E-01
  4.6962E+00  8.5952E+01  5.0901E+02  6.8136E+02 -1.7235E+02 -2.5702E+00
  4.6962E+00  8.5952E+01  5.1978E+02  5.5427E+02 -3.4488E+01 -6.1363E-01
  4.6962E+00  8.5952E+01  4.8362E+02  4.6286E+02  2.0757E+01  1.8640E-01
  4.6962E+00  8.5952E+01  3.3166E+02  3.4730E+02 -1.5643E+01 -2.6310E-01
  4.6962E+00  8.5952E+01  2.6209E+02  2.1537E+02  4.6722E+01  5.9688E-01
  4.6962E+00  8.5952E+01  0.0000E+00  1.3263E+03  0.0000E+00  0.0000E+00
  4.6962E+00  8.5952E+01  5.7057E+02  5.1034E+02  6.0232E+01  7.3094E-01
  4.6962E+00  8.5952E+01  3.3681E+02  3.4371E+02 -6.9042E+00 -1.6173E-01
  3.8879E+00  7.6961E+01  0.0000E+00  1.1115E+03  0.0000E+00  0.0000E+00
  3.8879E+00  7.6961E+01  1.1865E+03  1.0750E+03  1.1151E+02 -6.6629E-01
  3.8879E+00  7.6961E+01  1.2613E+03  1.0401E+03  2.2123E+02  9.3101E-01
  3.8879E+00  7.6961E+01  1.2853E+03  9.7464E+02  3.1066E+02  2.3430E+00
  3.8879E+00  7.6961E+01  8.4873E+02  8.5966E+02 -1.0930E+01 -1.6886E+00
  3.8879E+00  7.6961E+01  6.8028E+02  6.8136E+02 -1.0848E+00 -1.0883E+00
  3.8879E+00  7.6961E+01  6.1133E+02  5.5427E+02  5.7062E+01 -1.4222E-02
  3.8879E+00  7.6961E+01  5.2708E+02  4.6286E+02  6.4217E+01  2.5398E-01
  3.8879E+00  7.6961E+01  3.3294E+02  3.4730E+02 -1.4363E+01 -6.5400E-01
  3.8879E+00  7.6961E+01  2.7171E+02  2.1537E+02  5.6342E+01  3.7416E-01
  3.8879E+00  7.6961E+01  0.0000E+00  1.3263E+03  0.0000E+00  0.0000E+00
  3.8879E+00  7.6961E+01  5.9982E+02  5.1034E+02  8.9482E+01  3.8642E-01
  3.8879E+00  7.6961E+01  4.6849E+02  3.4371E+02  1.2478E+02  9.6853E-01
  5.3564E+00  8.6904E+01  0.0000E+00  1.1115E+03  0.0000E+00  0.0000E+00
  5.3564E+00  8.6904E+01  1.2041E+03  1.0750E+03  1.2911E+02  1.4212E+00
  5.3564E+00  8.6904E+01  1.1339E+03  1.0401E+03  9.3829E+01  9.7882E-01
  5.3564E+00  8.6904E+01  8.7714E+02  9.7464E+02 -9.7500E+01 -1.5514E+00
  5.3564E+00  8.6904E+01  8.0027E+02  8.5966E+02 -5.9390E+01 -9.2468E-01
  5.3564E+00  8.6904E+01  6.5278E+02  6.8136E+02 -2.8585E+01 -3.5810E-01
  5.3564E+00  8.6904E+01  5.5803E+02  5.5427E+02  3.7618E+00  1.6624E-01
  5.3564E+00  8.6904E+01  5.1145E+02  4.6286E+02  4.8587E+01  8.2163E-01
  5.3564E+00  8.6904E+01  2.9233E+02  3.4730E+02 -5.4973E+01 -5.4830E-01
  5.3564E+00  8.6904E+01  2.0345E+02  2.1537E+02 -1.1918E+01  2.9666E-02
  5.3564E+00  8.6904E+01  0.0000E+00  1.3263E+03  0.0000E+00  0.0000E+00
  5.3564E+00  8.6904E+01  4.9931E+02  5.1034E+02 -1.1028E+01  2.2687E-01
  5.3564E+00  8.6904E+01  2.1035E+02  3.4371E+02 -1.3336E+02 -1.4508E+00
  3.5324E+00  6.0030E+01  0.0000E+00  1.1115E+03  0.0000E+00  0.0000E+00
  3.5324E+00  6.0030E+01  1.6415E+03  1.0750E+03  5.6651E+02  1.5511E+00
  3.5324E+00  6.0030E+01  1.3401E+03  1.0401E+03  3.0003E+02 -1.7232E+00
  3.5324E+00  6.0030E+01  1.4527E+03  9.7464E+02  4.7806E+02  1.3183E+00
  3.5324E+00  6.0030E+01  1.3350E+03  8.5966E+02  4.7534E+02  2.3271E+00
  3.5324E+00  6.0030E+01  9.1333E+02  6.8136E+02  2.3197E+02  4.8224E-01
  3.5324E+00  6.0030E+01  7.1021E+02  5.5427E+02  1.5594E+02  3.3080E-01
  3.5324E+00  6.0030E+01  5.3953E+02  4.6286E+02  7.6667E+01 -2.2424E-01
  3.5324E+00  6.0030E+01  3.4076E+02  3.4730E+02 -6.5431E+00 -8.8626E-01
  3.5324E+00  6.0030E+01  1.8244E+02  2.1537E+02 -3.2928E+01 -1.0821E+00
  3.5324E+00  6.0030E+01  0.0000E+00  1.3263E+03  0.0000E+00  0.0000E+00
  3.5324E+00  6.0030E+01  5.6348E+02  5.1034E+02  5.3142E+01 -6.8016E-01
  3.5324E+00  6.0030E+01  4.4328E+02  3.4371E+02  9.9566E+01  1.7897E-01
  3.6175E+00  8.0329E+01  0.0000E+00  1.1115E+03  0.0000E+00  0.0000E+00
  3.6175E+00  8.0329E+01  1.1224E+03  1.0750E+03  4.7411E+01 -1.0158E+00
  3.6175E+00  8.0329E+01  1.0727E+03  1.0401E+03  3.2629E+01 -1.1500E+00
  3.6175E+00  8.0329E+01  1.2558E+03  9.7464E+02  2.8116E+02  2.3448E+00
  3.6175E+00  8.0329E+01  9.4212E+02  8.5966E+02  8.2460E+01 -1.4585E-01
  3.6175E+00  8.0329E+01  8.8688E+02  6.8136E+02  2.0552E+02  1.8172E+00
  3.6175E+00  8.0329E+01  5.5762E+02  5.5427E+02  3.3518E+00 -7.4319E-01
  3.6175E+00  8.0329E+01  4.9699E+02  4.6286E+02  3.4127E+01 -2.1221E-01
  3.6175E+00  8.0329E+01  4.0089E+02  3.4730E+02  5.3587E+01  1.6333E-01
  3.6175E+00  8.0329E+01  3.2822E+02  2.1537E+02  1.1285E+02  1.0333E+00
  3.6175E+00  8.0329E+01  0.0000E+00  1.3263E+03  0.0000E+00  0.0000E+00
  3.6175E+00  8.0329E+01  6.4563E+02  5.1034E+02  1.3529E+02  8.0310E-01
  3.6175E+00  8.0329E+01  4.0776E+02  3.4371E+02  6.4046E+01 -5.8714E-02
  4.5516E+00  5.6689E+01  0.0000E+00  1.1115E+03  0.0000E+00  0.0000E+00
  4.5516E+00  5.6689E+01  1.9097E+03  1.0750E+03  8.3471E+02  4.7566E+00
  4.5516E+00  5.6689E+01  1.5883E+03  1.0401E+03  5.4823E+02  1.2735E+00
  4.5516E+00  5.6689E+01  1.1315E+03  9.7464E+02  1.5686E+02 -3.2983E+00
  4.5516E+00  5.6689E+01  1.2078E+03  8.5966E+02  3.4814E+02  5.3077E-01
  4.5516E+00  5.6689E+01  9.1894E+02  6.8136E+02  2.3758E+02  7.4086E-01
  4.5516E+00  5.6689E+01  6.1536E+02  5.5427E+02  6.1092E+01 -6.3063E-01
  4.5516E+00  5.6689E+01  4.1957E+02  4.6286E+02 -4.3293E+01 -1.4490E+00
  4.5516E+00  5.6689E+01  2.6771E+02  3.4730E+02 -7.9593E+01 -1.4194E+00
  4.5516E+00  5.6689E+01  1.7791E+02  2.1537E+02 -3.7458E+01 -7.0611E-01
  4.5516E+00  5.6689E+01  0.0000E+00  1.3263E+03  0.0000E+00  0.0000E+00
  4.5516E+00  5.6689E+01  5.4497E+02  5.1034E+02  3.4632E+01 -6.4000E-02
  4.5516E+00  5.6689E+01  2.5007E+02  3.4371E+02 -9.3644E+01 -1.6232E+00
  4.4278E+00  6.9710E+01  0.0000E+00  1.1115E+03  0.0000E+00  0.0000E+00
  4.4278E+00  6.9710E+01  1.3777E+03  1.0750E+03  3.0271E+02  6.0214E-01
  4.4278E+00  6.9710E+01  1.3000E+03  1.0401E+03  2.5993E+02  2.3107E-01
  4.4278E+00  6.9710E+01  1.2612E+03  9.7464E+02  2.8656E+02  9.7536E-01
  4.4278E+00  6.9710E+01  1.0313E+03  8.5966E+02  1.7164E+02  5.4815E-02
  4.4278E+00  6.9710E+01  7.8808E+02  6.8136E+02  1.0672E+02  6.1433E-02
  4.4278E+00  6.9710E+01  6.3863E+02  5.5427E+02  8.4362E+01  2.9066E-01
  4.4278E+00  6.9710E+01  5.4871E+02  4.6286E+02  8.5847E+01  6.2322E-01
  4.4278E+00  6.9710E+01  3.0063E+02  3.4730E+02 -4.6673E+01 -9.0023E-01
  4.4278E+00  6.9710E+01  2.6380E+02  2.1537E+02  4.8432E+01  4.7128E-01
  4.4278E+00  6.9710E+01  0.0000E+00  1.3263E+03  0.0000E+00  0.0000E+00
  4.4278E+00  6.9710E+01  5.2789E+02  5.1034E+02  1.7552E+01 -2.0791E-01
  4.4278E+00  6.9710E+01  2.4153E+02  3.4371E+02 -1.0218E+02 -1.7253E+00
  5.1576E+00  9.1187E+01  0.0000E+00  1.1115E+03  0.0000E+00  0.0000E+00
  5.1576E+00  9.1187E+01  1.0715E+03  1.0750E+03 -3.4894E+00  1.7383E-01
  5.1576E+00  9.1187E+01  9.5360E+02  1.0401E+03 -8.6471E+01 -9.5547E-01
  5.1576E+00  9.1187E+01  1.0445E+03  9.7464E+02  6.9860E+01  1.1601E+00
  5.1576E+00  9.1187E+01  8.4495E+02  8.5966E+02 -1.4710E+01  1.6976E-03
  5.1576E+00  9.1187E+01  6.5166E+02  6.8136E+02 -2.9705E+01 -2.1883E-01
  5.1576E+00  9.1187E+01  5.1928E+02  5.5427E+02 -3.4988E+01 -3.0300E-01
  5.1576E+00  9.1187E+01  4.3388E+02  4.6286E+02 -2.8983E+01 -2.3063E-01
  5.1576E+00  9.1187E+01  3.3849E+02  3.4730E+02 -8.8131E+00  3.1478E-02
  5.1576E+00  9.1187E+01  1.6987E+02  2.1537E+02 -4.5498E+01 -4.7988E-01
  5.1576E+00  9.1187E+01  0.0000E+00  1.3263E+03  0.0000E+00  0.0000E+00
  5.1576E+00  9.1187E+01  4.9144E+02  5.1034E+02 -1.8898E+01  2.3781E-02
  5.1576E+00  9.1187E+01  3.0790E+02  3.4371E+02 -3.5814E+01 -2.2919E-01
  9.0641E+00  1.9464E+02  0.0000E+00  1.1115E+03  0.0000E+00  0.0000E+00
  9.0641E+00  1.9464E+02  5.2313E+02  1.0750E+03 -5.5186E+02  6.5726E-03
  9.0641E+00  1.9464E+02  4.4475E+02  1.0401E+03 -5.9532E+02 -9.7729E-01
  9.0641E+00  1.9464E+02  4.2934E+02  9.7464E+02 -5.4530E+02 -1.0197E+00
  9.0641E+00  1.9464E+02  4.1870E+02  8.5966E+02 -4.4096E+02 -8.1102E-01
  9.0641E+00  1.9464E+02  3.6154E+02  6.8136E+02 -3.1982E+02 -8.5596E-01
  9.0641E+00  1.9464E+02  2.7678E+02  5.5427E+02 -2.7749E+02 -1.3068E+00
  9.0641E+00  1.9464E+02  3.2488E+02  4.6286E+02 -1.3798E+02 -2.4693E-02
  9.0641E+00  1.9464E+02  2.1953E+02  3.4730E+02 -1.2777E+02 -4.4328E-01
  9.0641E+00  1.9464E+02  1.7210E+02  2.1537E+02 -4.3268E+01  4.8556E-01
  9.0641E+00  1.9464E+02  0.0000E+00  1.3263E+03  0.0000E+00  0.0000E+00
  9.0641E+00  1.9464E+02  3.9130E+02  5.1034E+02 -1.1904E+02  6.9086E-01
  9.0641E+00  1.9464E+02  1.6965E+02  3.4371E+02 -1.7406E+02 -3.7493E-01
  5.9983E+00  7.3464E+01  0.0000E+00  1.1115E+03  0.0000E+00  0.0000E+00
  5.9983E+00  7.3464E+01  1.4139E+03  1.0750E+03  3.3891E+02  2.3006E+00
  5.9983E+00  7.3464E+01  1.0664E+03  1.0401E+03  2.6329E+01 -1.7677E+00
  5.9983E+00  7.3464E+01  1.3237E+03  9.7464E+02  3.4906E+02  2.9288E+00
  5.9983E+00  7.3464E+01  8.8812E+02  8.5966E+02  2.8460E+01 -8.9591E-01
  5.9983E+00  7.3464E+01  6.7673E+02  6.8136E+02 -4.6348E+00 -6.2202E-01
  5.9983E+00  7.3464E+01  4.1522E+02  5.5427E+02 -1.3905E+02 -2.0205E+00
  5.9983E+00  7.3464E+01  4.6701E+02  4.6286E+02  4.1470E+00  1.6589E-01
  5.9983E+00  7.3464E+01  2.1254E+02  3.4730E+02 -1.3476E+02 -1.5182E+00
  5.9983E+00  7.3464E+01  8.9253E+01  2.1537E+02 -1.2612E+02 -1.3783E+00
  5.9983E+00  7.3464E+01  0.0000E+00  1.3263E+03  0.0000E+00  0.0000E+00
  5.9983E+00  7.3464E+01  3.7015E+02  5.1034E+02 -1.4019E+02 -1.2831E+00
  5.9983E+00  7.3464E+01  3.0820E+02  3.4371E+02 -3.5514E+01  1.4779E-01
  7.2096E+00  1.6772E+02  0.0000E+00  1.1115E+03  0.0000E+00  0.0000E+00
  7.2096E+00  1.6772E+02  5.6591E+02  1.0750E+03 -5.0908E+02 -6.4309E-01
  7.2096E+00  1.6772E+02  6.4291E+02  1.0401E+03 -3.9716E+02  5.3687E-01
  7.2096E+00  1.6772E+02  5.4217E+02  9.7464E+02 -4.3247E+02 -5.6230E-01
  7.2096E+00  1.6772E+02  3.8937E+02  8.5966E+02 -4.7029E+02 -2.1128E+00
  7.2096E+00  1.6772E+02  4.6586E+02  6.8136E+02 -2.1550E+02 -1.0360E-01
  7.2096E+00  1.6772E+02  2.4903E+02  5.5427E+02 -3.0524E+02 -2.1984E+00
  7.2096E+00  1.6772E+02  2.5313E+02  4.6286E+02 -2.0973E+02 -1.4232E+00
  7.2096E+00  1.6772E+02  3.3978E+02  3.4730E+02 -7.5231E+00  8.4989E-01
  7.2096E+00  1.6772E+02  2.1222E+02  2.1537E+02 -3.1482E+00  7.3501E-01
  7.2096E+00  1.6772E+02  0.0000E+00  1.3263E+03  0.0000E+00  0.0000E+00
  7.2096E+00  1.6772E+02  3.7461E+02  5.1034E+02 -1.3573E+02 -1.5246E-01
  7.2096E+00  1.6772E+02  3.6219E+02  3.4371E+02  1.8476E+01  1.6893E+00
  6.6729E+00  1.5880E+02  0.0000E+00  1.1115E+03  0.0000E+00  0.0000E+00
  6.6729E+00  1.5880E+02  5.3084E+02  1.0750E+03 -5.4415E+02 -1.4547E+00
  6.6729E+00  1.5880E+02  5.7167E+02  1.0401E+03 -4.6840E+02 -7.5480E-01
  6.6729E+00  1.5880E+02  6.2107E+02  9.7464E+02 -3.5357E+02  2.0338E-01
  6.6729E+00  1.5880E+02  5.5170E+02  8.5966E+02 -3.0796E+02 -1.8113E-01
  6.6729E+00  1.5880E+02  4.3602E+02  6.8136E+02 -2.4534E+02 -7.3104E-01
  6.6729E+00  1.5880E+02  3.8678E+02  5.5427E+02 -1.6749E+02 -5.2009E-01
  6.6729E+00  1.5880E+02  3.4274E+02  4.6286E+02 -1.2012E+02 -3.7806E-01
  6.6729E+00  1.5880E+02  2.6412E+02  3.4730E+02 -8.3183E+01 -3.2686E-01
  6.6729E+00  1.5880E+02  2.1733E+02  2.1537E+02  1.9618E+00  6.6992E-01
  6.6729E+00  1.5880E+02  0.0000E+00  1.3263E+03  0.0000E+00  0.0000E+00
  6.6729E+00  1.5880E+02  3.9486E+02  5.1034E+02 -1.1548E+02 -1.5403E-01
  6.6729E+00  1.5880E+02  3.5447E+02  3.4371E+02  1.0756E+01  1.3338E+00
  5.2542E+00  9.9452E+01  0.0000E+00  1.1115E+03  0.0000E+00  0.0000E+00
  5.2542E+00  9.9452E+01  8.1531E+02  1.0750E+03 -2.5968E+02 -2.2572E+00
  5.2542E+00  9.9452E+01  9.9546E+02  1.0401E+03 -4.4611E+01  5.9548E-01
  5.2542E+00  9.9452E+01  8.6363E+02  9.7464E+02 -1.1101E+02 -4.2646E-01
  5.2542E+00  9.9452E+01  9.5545E+02  8.5966E+02  9.5790E+01  2.1777E+00
  5.2542E+00  9.9452E+01  7.1181E+02  6.8136E+02  3.0445E+01  1.0077E+00
  5.2542E+00  9.9452E+01  4.7050E+02  5.5427E+02 -8.3768E+01 -7.1436E-01
  5.2542E+00  9.9452E+01  4.4421E+02  4.6286E+02 -1.8653E+01  6.6633E-02
  5.2542E+00  9.9452E+01  3.1418E+02  3.4730E+02 -3.3123E+01 -2.2357E-01
  5.2542E+00  9.9452E+01  2.5694E+02  2.1537E+02  4.1572E+01  7.5278E-01
  5.2542E+00  9.9452E+01  0.0000E+00  1.3263E+03  0.0000E+00  0.0000E+00
  5.2542E+00  9.9452E+01  4.8758E+02  5.1034E+02 -2.2758E+01  9.5574E-02
  5.2542E+00  9.9452E+01  2.2976E+02  3.4371E+02 -1.1395E+02 -1.1969E+00
  6.0835E+00  1.4438E+02  0.0000E+00  1.1115E+03  0.0000E+00  0.0000E+00
  6.0835E+00  1.4438E+02  6.8956E+02  1.0750E+03 -3.8543E+02 -1.0727E-01
  6.0835E+00  1.4438E+02  5.7541E+02  1.0401E+03 -4.6466E+02 -1.4710E+00
  6.0835E+00  1.4438E+02  5.6723E+02  9.7464E+02 -4.0741E+02 -1.2217E+00
  6.0835E+00  1.4438E+02  6.4938E+02  8.5966E+02 -2.1028E+02  5.7172E-01
  6.0835E+00  1.4438E+02  5.1386E+02  6.8136E+02 -1.6750E+02 -7.6560E-02
  6.0835E+00  1.4438E+02  4.2847E+02  5.5427E+02 -1.2580E+02 -2.5174E-01
  6.0835E+00  1.4438E+02  3.2690E+02  4.6286E+02 -1.3596E+02 -8.2762E-01
  6.0835E+00  1.4438E+02  3.0649E+02  3.4730E+02 -4.0813E+01  7.1889E-02
  6.0835E+00  1.4438E+02  2.4173E+02  2.1537E+02  2.6362E+01  8.5060E-01
  6.0835E+00  1.4438E+02  0.0000E+00  1.3263E+03  0.0000E+00  0.0000E+00
  6.0835E+00  1.4438E+02  4.8980E+02  5.1034E+02 -2.0538E+01  8.1607E-01
  6.0835E+00  1.4438E+02  2.8884E+02  3.4371E+02 -5.4874E+01  1.6378E-01
  3.2863E+00  6.7704E+01  0.0000E+00  1.1115E+03  0.0000E+00  0.0000E+00
  3.2863E+00  6.7704E+01  1.3616E+03  1.0750E+03  2.8661E+02 -3.5799E-01
  3.2863E+00  6.7704E+01  1.4383E+03  1.0401E+03  3.9823E+02  1.3697E+00
  3.2863E+00  6.7704E+01  1.3560E+03  9.7464E+02  3.8136E+02  1.5307E+00
  3.2863E+00  6.7704E+01  9.2521E+02  8.5966E+02  6.5550E+01 -2.1016E+00
  3.2863E+00  6.7704E+01  8.3039E+02  6.8136E+02  1.4903E+02 -5.2069E-02
  3.2863E+00  6.7704E+01  8.2142E+02  5.5427E+02  2.6715E+02  2.1102E+00
  3.2863E+00  6.7704E+01  6.5890E+02  4.6286E+02  1.9604E+02  1.4805E+00
  3.2863E+00  6.7704E+01  4.4573E+02  3.4730E+02  9.8427E+01  4.6561E-01
  3.2863E+00  6.7704E+01  2.5191E+02  2.1537E+02  3.6542E+01 -2.4202E-01
  3.2863E+00  6.7704E+01  0.0000E+00  1.3263E+03  0.0000E+00  0.0000E+00
  3.2863E+00  6.7704E+01  5.7012E+02  5.1034E+02  5.9782E+01 -7.5614E-01
  3.2863E+00  6.7704E+01  4.8250E+02  3.4371E+02  1.3879E+02  5.1398E-01
  9.3688E+00  1.7077E+02  0.0000E+00  1.1115E+03  0.0000E+00  0.0000E+00
  9.3688E+00  1.7077E+02  5.7578E+02  1.0750E+03 -4.9921E+02 -2.6728E-01
  9.3688E+00  1.7077E+02  5.0294E+02  1.0401E+03 -5.3713E+02 -1.1088E+00
  9.3688E+00  1.7077E+02  5.3109E+02  9.7464E+02 -4.4355E+02 -4.3742E-01
  9.3688E+00  1.7077E+02  5.2636E+02  8.5966E+02 -3.3330E+02  5.5459E-02
  9.3688E+00  1.7077E+02  3.9690E+02  6.8136E+02 -2.8446E+02 -6.8897E-01
  9.3688E+00  1.7077E+02  3.2061E+02  5.5427E+02 -2.3366E+02 -8.5764E-01
  9.3688E+00  1.7077E+02  2.4320E+02  4.6286E+02 -2.1966E+02 -1.1822E+00
  9.3688E+00  1.7077E+02  2.8794E+02  3.4730E+02 -5.9363E+01  5.1816E-01
  9.3688E+00  1.7077E+02  6.5246E+01  2.1537E+02 -1.5012E+02 -9.1549E-01
  9.3688E+00  1.7077E+02  0.0000E+00  1.3263E+03  0.0000E+00  0.0000E+00
  9.3688E+00  1.7077E+02  3.1596E+02  5.1034E+02 -1.9438E+02 -2.5400E-01
  9.3688E+00  1.7077E+02  1.7604E+02  3.4371E+02 -1.6767E+02 -1.9373E-01
  6.4317E+00  1.0624E+02  0.0000E+00  1.1115E+03  0.0000E+00  0.0000E+00
  6.4317E+00  1.0624E+02  9.5644E+02  1.0750E+03 -1.1855E+02  4.8550E-01
  6.4317E+00  1.0624E+02  8.6656E+02  1.0401E+03 -1.7351E+02 -3.5254E-01
  6.4317E+00  1.0624E+02  8.4924E+02  9.7464E+02 -1.2540E+02  1.3127E-01
  6.4317E+00  1.0624E+02  7.1862E+02  8.5966E+02 -1.4104E+02 -3.6546E-01
  6.4317E+00  1.0624E+02  5.0942E+02  6.8136E+02 -1.7194E+02 -1.1872E+00
  6.4317E+00  1.0624E+02  4.3340E+02  5.5427E+02 -1.2087E+02 -7.4281E-01
  6.4317E+00  1.0624E+02  4.9785E+02  4.6286E+02  3.4987E+01  1.2204E+00
  6.4317E+00  1.0624E+02  2.9282E+02  3.4730E+02 -5.4483E+01 -1.3920E-01
  6.4317E+00  1.0624E+02  1.8722E+02  2.1537E+02 -2.8148E+01  1.4228E-01
  6.4317E+00  1.0624E+02  0.0000E+00  1.3263E+03  0.0000E+00  0.0000E+00
  6.4317E+00  1.0624E+02  2.8707E+02  5.1034E+02 -2.2327E+02 -1.9357E+00
  6.4317E+00  1.0624E+02  3.1838E+02  3.4371E+02 -2.5334E+01  6.3165E-01
  5.3702E+00  9.0888E+01  0.0000E+00  1.1115E+03  0.0000E+00  0.0000E+00
  5.3702E+00  9.0888E+01  1.0615E+03  1.0750E+03 -1.3489E+01  3.0559E-02
  5.3702E+00  9.0888E+01  9.6493E+02  1.0401E+03 -7.5141E+01 -8.0354E-01
  5.3702E+00  9.0888E+01  1.0462E+03  9.7464E+02  7.1560E+01  1.1917E+00
  5.3702E+00  9.0888E+01  8.9480E+02  8.5966E+02  3.5140E+01  7.0370E-01
  5.3702E+00  9.0888E+01  5.6118E+02  6.8136E+02 -1.2018E+02 -1.3988E+00
  5.3702E+00  9.0888E+01  5.3245E+02  5.5427E+02 -2.1818E+01 -6.4121E-02
  5.3702E+00  9.0888E+01  4.4456E+02  4.6286E+02 -1.8303E+01 -1.9301E-02
  5.3702E+00  9.0888E+01  3.5771E+02  3.4730E+02  1.0407E+01  3.6231E-01
  5.3702E+00  9.0888E+01  2.0034E+02  2.1537E+02 -1.5028E+01 -6.2616E-04
  5.3702E+00  9.0888E+01  0.0000E+00  1.3263E+03  0.0000E+00  0.0000E+00
  5.3702E+00  9.0888E+01  4.2116E+02  5.1034E+02 -8.9178E+01 -7.9841E-01
  5.3702E+00  9.0888E+01  3.0429E+02  3.4371E+02 -3.9424E+01 -1.5512E-01
  1.8283E+00  4.3549E+01  0.0000E+00  1.1115E+03  0.0000E+00  0.0000E+00
  1.8283E+00  4.3549E+01  2.0915E+03  1.0750E+03  1.0165E+03  7.4429E-01
  1.8283E+00  4.3549E+01  2.0745E+03  1.0401E+03  1.0344E+03  1.6622E+00
  1.8283E+00  4.3549E+01  1.9310E+03  9.7464E+02  9.5636E+02  1.8377E+00
  1.8283E+00  4.3549E+01  1.6169E+03  8.5966E+02  7.5724E+02  1.2040E+00
  1.8283E+00  4.3549E+01  1.1808E+03  6.8136E+02  4.9944E+02  6.0164E-01
  1.8283E+00  4.3549E+01  8.2232E+02  5.5427E+02  2.6805E+02 -7.7719E-01
  1.8283E+00  4.3549E+01  7.2423E+02  4.6286E+02  2.6137E+02  1.8414E-01
  1.8283E+00  4.3549E+01  4.8483E+02  3.4730E+02  1.3753E+02 -5.3294E-01
  1.8283E+00  4.3549E+01  2.8266E+02  2.1537E+02  6.7292E+01 -1.0971E+00
  1.8283E+00  4.3549E+01  0.0000E+00  1.3263E+03  0.0000E+00  0.0000E+00
  1.8283E+00  4.3549E+01  9.8132E+02  5.1034E+02  4.7098E+02  2.0906E+00
  1.8283E+00  4.3549E+01  6.7613E+02  3.4371E+02  3.3242E+02  7.8443E-01
  2.6081E+00  5.0905E+01  0.0000E+00  1.1115E+03  0.0000E+00  0.0000E+00
  2.6081E+00  5.0905E+01  1.7890E+03  1.0750E+03  7.1401E+02  2.7637E-01
  2.6081E+00  5.0905E+01  1.7676E+03  1.0401E+03  7.2753E+02  9.6069E-01
  2.6081E+00  5.0905E+01  1.6376E+03  9.7464E+02  6.6296E+02  1.0009E+00
  2.6081E+00  5.0905E+01  1.5650E+03  8.5966E+02  7.0534E+02  3.1100E+00
  2.6081E+00  5.0905E+01  9.7850E+02  6.8136E+02  2.9714E+02 -2.8559E-01
  2.6081E+00  5.0905E+01  7.2148E+02  5.5427E+02  1.6721E+02 -7.4851E-01
  2.6081E+00  5.0905E+01  5.8383E+02  4.6286E+02  1.2097E+02 -6.0229E-01
  2.6081E+00  5.0905E+01  5.1309E+02  3.4730E+02  1.6579E+02  7.0906E-01
  2.6081E+00  5.0905E+01  3.4405E+02  2.1537E+02  1.2868E+02  4.7422E-01
  2.6081E+00  5.0905E+01  0.0000E+00  1.3263E+03  0.0000E+00  0.0000E+00
  2.6081E+00  5.0905E+01  6.6841E+02  5.1034E+02  1.5807E+02 -6.0075E-01
  2.6081E+00  5.0905E+01  5.6656E+02  3.4371E+02  2.2285E+02  6.6903E-01
  4.0644E+00  8.6182E+01  0.0000E+00  1.1115E+03  0.0000E+00  0.0000E+00
  4.0644E+00  8.6182E+01  1.1071E+03  1.0750E+03  3.2111E+01 -2.0932E-01
  4.0644E+00  8.6182E+01  1.0908E+03  1.0401E+03  5.0729E+01  6.3182E-02
  4.0644E+00  8.6182E+01  1.1842E+03  9.7464E+02  2.0956E+02  2.2552E+00
  4.0644E+00  8.6182E+01  6.7237E+02  8.5966E+02 -1.8729E+02 -3.0680E+00
  4.0644E+00  8.6182E+01  7.4423E+02  6.8136E+02  6.2865E+01  4.1752E-01
  4.0644E+00  8.6182E+01  5.9790E+02  5.5427E+02  4.3632E+01  2.1511E-01
  4.0644E+00  8.6182E+01  5.0148E+02  4.6286E+02  3.8617E+01  1.8480E-01
  4.0644E+00  8.6182E+01  3.3183E+02  3.4730E+02 -1.5473E+01 -5.0934E-01
  4.0644E+00  8.6182E+01  2.7292E+02  2.1537E+02  5.7552E+01  5.1223E-01
  4.0644E+00  8.6182E+01  0.0000E+00  1.3263E+03  0.0000E+00  0.0000E+00
  4.0644E+00  8.6182E+01  5.6737E+02  5.1034E+02  5.7032E+01  2.2193E-01
  4.0644E+00  8.6182E+01  4.6183E+02  3.4371E+02  1.1812E+02  1.1017E+00
  3.3472E+00  7.3420E+01  0.0000E+00  1.1115E+03  0.0000E+00  0.0000E+00
  3.3472E+00  7.3420E+01  1.3268E+03  1.0750E+03  2.5181E+02  4.3409E-01
  3.3472E+00  7.3420E+01  1.2184E+03  1.0401E+03  1.7833E+02 -4.2494E-01
  3.3472E+00  7.3420E+01  1.2646E+03  9.7464E+02  2.8996E+02  1.3433E+00
  3.3472E+00  7.3420E+01  9.3620E+02  8.5966E+02  7.6540E+01 -1.1275E+00
  3.3472E+00  7.3420E+01  8.3993E+02  6.8136E+02  1.5857E+02  5.8547E-01
  3.3472E+00  7.3420E+01  7.0754E+02  5.5427E+02  1.5327E+02  8.8249E-01
  3.3472E+00  7.3420E+01  5.1658E+02  4.6286E+02  5.3717E+01 -2.4498E-01
  3.3472E+00  7.3420E+01  3.8357E+02  3.4730E+02  3.6267E+01 -2.7070E-01
  3.3472E+00  7.3420E+01  2.6755E+02  2.1537E+02  5.2182E+01  4.7644E-02
  3.3472E+00  7.3420E+01  0.0000E+00  1.3263E+03  0.0000E+00  0.0000E+00
  3.3472E+00  7.3420E+01  5.9575E+02  5.1034E+02  8.5412E+01 -2.2671E-01
  3.3472E+00  7.3420E+01  5.7139E+02  3.4371E+02  2.2768E+02  1.8618E+00
  4.0789E+00  6.2934E+01  0.0000E+00  1.1115E+03  0.0000E+00  0.0000E+00
  4.0789E+00  6.2934E+01  1.4966E+03  1.0750E+03  4.2161E+02  6.6226E-01
  4.0789E+00  6.2934E+01  1.6241E+03  1.0401E+03  5.8403E+02  3.1591E+00
  4.0789E+00  6.2934E+01  1.3007E+03  9.7464E+02  3.2606E+02  1.9332E-01
  4.0789E+00  6.2934E+01  9.6093E+02  8.5966E+02  1.0127E+02 -1.9636E+00
  4.0789E+00  6.2934E+01  8.1493E+02  6.8136E+02  1.3357E+02 -2.8172E-01
  4.0789E+00  6.2934E+01  6.8284E+02  5.5427E+02  1.2857E+02  3.9878E-01
  4.0789E+00  6.2934E+01  4.1320E+02  4.6286E+02 -4.9663E+01 -1.5794E+00
  4.0789E+00  6.2934E+01  3.7467E+02  3.4730E+02  2.7367E+01 -1.4271E-01
  4.0789E+00  6.2934E+01  2.6065E+02  2.1537E+02  4.5282E+01  2.2517E-01
  4.0789E+00  6.2934E+01  0.0000E+00  1.3263E+03  0.0000E+00  0.0000E+00
  4.0789E+00  6.2934E+01  6.2188E+02  5.1034E+02  1.1154E+02  6.2762E-01
  4.0789E+00  6.2934E+01  3.1688E+02  3.4371E+02 -2.6834E+01 -1.0791E+00
  5.0954E+00  8.8783E+01  0.0000E+00  1.1115E+03  0.0000E+00  0.0000E+00
  5.0954E+00  8.8783E+01  1.1430E+03  1.0750E+03  6.8011E+01  8.1751E-01
  5.0954E+00  8.8783E+01  1.0928E+03  1.0401E+03  5.2729E+01  6.2533E-01
  5.0954E+00  8.8783E+01  9.4887E+02  9.7464E+02 -2.5770E+01 -4.1240E-01
  5.0954E+00  8.8783E+01  7.6872E+02  8.5966E+02 -9.0940E+01 -1.2514E+00
  5.0954E+00  8.8783E+01  7.4166E+02  6.8136E+02  6.0295E+01  8.6222E-01
  5.0954E+00  8.8783E+01  4.5876E+02  5.5427E+02 -9.5508E+01 -1.2175E+00
  5.0954E+00  8.8783E+01  3.4200E+02  4.6286E+02 -1.2086E+02 -1.5428E+00
  5.0954E+00  8.8783E+01  3.9313E+02  3.4730E+02  4.5827E+01  7.3270E-01
  5.0954E+00  8.8783E+01  1.6128E+02  2.1537E+02 -5.4088E+01 -6.2825E-01
  5.0954E+00  8.8783E+01  0.0000E+00  1.3263E+03  0.0000E+00  0.0000E+00
  5.0954E+00  8.8783E+01  5.1280E+02  5.1034E+02  2.4617E+00  2.4312E-01
  5.0954E+00  8.8783E+01  3.5281E+02  3.4371E+02  9.0958E+00  3.2167E-01
  4.6680E+00  8.7680E+01  0.0000E+00  1.1115E+03  0.0000E+00  0.0000E+00
  4.6680E+00  8.7680E+01  1.2037E+03  1.0750E+03  1.2871E+02  1.4140E+00
  4.6680E+00  8.7680E+01  9.4271E+02  1.0401E+03 -9.7361E+01 -1.6358E+00
  4.6680E+00  8.7680E+01  1.0873E+03  9.7464E+02  1.1266E+02  1.2476E+00
  4.6680E+00  8.7680E+01  7.9536E+02  8.5966E+02 -6.4300E+01 -1.0982E+00
  4.6680E+00  8.7680E+01  6.6209E+02  6.8136E+02 -1.9275E+01 -4.0948E-01
  4.6680E+00  8.7680E+01  5.6551E+02  5.5427E+02  1.1242E+01  5.1655E-02
  4.6680E+00  8.7680E+01  4.9827E+02  4.6286E+02  3.5407E+01  4.0747E-01
  4.6680E+00  8.7680E+01  3.5619E+02  3.4730E+02  8.8869E+00  7.2700E-02
  4.6680E+00  8.7680E+01  2.0138E+02  2.1537E+02 -1.3988E+01 -2.2865E-01
  4.6680E+00  8.7680E+01  0.0000E+00  1.3263E+03  0.0000E+00  0.0000E+00
  4.6680E+00  8.7680E+01  5.5256E+02  5.1034E+02  4.2222E+01  4.8825E-01
  4.6680E+00  8.7680E+01  3.2368E+02  3.4371E+02 -2.0034E+01 -3.4362E-01
  4.0685E+00  9.6861E+01  0.0000E+00  1.1115E+03  0.0000E+00  0.0000E+00
  4.0685E+00  9.6861E+01  9.6280E+02  1.0750E+03 -1.1219E+02 -6.9884E-01
  4.0685E+00  9.6861E+01  1.0285E+03  1.0401E+03 -1.1571E+01  5.9598E-01
  4.0685E+00  9.6861E+01  8.3238E+02  9.7464E+02 -1.4226E+02 -1.3063E+00
  4.0685E+00  9.6861E+01  9.2385E+02  8.5966E+02  6.4190E+01  1.2820E+00
  4.0685E+00  9.6861E+01  5.6473E+02  6.8136E+02 -1.1663E+02 -1.4637E+00
  4.0685E+00  9.6861E+01  5.6809E+02  5.5427E+02  1.3822E+01  1.3643E-01
  4.0685E+00  9.6861E+01  5.1804E+02  4.6286E+02  5.5177E+01  6.0165E-01
  4.0685E+00  9.6861E+01  3.9221E+02  3.4730E+02  4.4907E+01  3.8544E-01
  4.0685E+00  9.6861E+01  2.4873E+02  2.1537E+02  3.3362E+01  2.2773E-01
  4.0685E+00  9.6861E+01  0.0000E+00  1.3263E+03  0.0000E+00  0.0000E+00
  4.0685E+00  9.6861E+01  6.2934E+02  5.1034E+02  1.1900E+02  1.1814E+00
  4.0685E+00  9.6861E+01  4.1247E+02  3.4371E+02  6.8756E+01  5.0976E-01
  2.2592E+00  5.1624E+01  0.0000E+00  1.1115E+03  0.0000E+00  0.0000E+00
  2.2592E+00  5.1624E+01  1.8098E+03  1.0750E+03  7.3481E+02  6.9439E-01
  2.2592E+00  5.1624E+01  1.6114E+03  1.0401E+03  5.7133E+02 -1.0522E+00
  2.2592E+00  5.1624E+01  1.8063E+03  9.7464E+02  8.3166E+02  3.3449E+00
  2.2592E+00  5.1624E+01  1.4568E+03  8.5966E+02  5.9714E+02  1.6102E+00
  2.2592E+00  5.1624E+01  9.7346E+02  6.8136E+02  2.9210E+02 -5.0027E-01
  2.2592E+00  5.1624E+01  7.3696E+02  5.5427E+02  1.8269E+02 -7.4899E-01
  2.2592E+00  5.1624E+01  6.9004E+02  4.6286E+02  2.2718E+02  5.9456E-01
  2.2592E+00  5.1624E+01  5.0815E+02  3.4730E+02  1.6085E+02  3.7501E-01
  2.2592E+00  5.1624E+01  3.1898E+02  2.1537E+02  1.0361E+02 -1.1876E-01
  2.2592E+00  5.1624E+01  0.0000E+00  1.3263E+03  0.0000E+00  0.0000E+00
  2.2592E+00  5.1624E+01  7.0288E+02  5.1034E+02  1.9254E+02 -6.3651E-01
  2.2592E+00  5.1624E+01  7.4048E+02  3.4371E+02  3.9677E+02  2.5559E+00
  3.9743E+00  9.4307E+01  0.0000E+00  1.1115E+03  0.0000E+00  0.0000E+00
  3.9743E+00  9.4307E+01  1.0836E+03  1.0750E+03  8.6106E+00  5.9178E-01
  3.9743E+00  9.4307E+01  8.8840E+02  1.0401E+03 -1.5167E+02 -1.6349E+00
  3.9743E+00  9.4307E+01  1.1143E+03  9.7464E+02  1.3966E+02  2.2249E+00
  3.9743E+00  9.4307E+01  6.5607E+02  8.5966E+02 -2.0359E+02 -2.5882E+00
  3.9743E+00  9.4307E+01  6.8664E+02  6.8136E+02  5.2752E+00  3.6107E-02
  3.9743E+00  9.4307E+01  5.7786E+02  5.5427E+02  2.3592E+01  1.6379E-01
  3.9743E+00  9.4307E+01  4.7885E+02  4.6286E+02  1.5987E+01 -6.1583E-03
  3.9743E+00  9.4307E+01  3.5668E+02  3.4730E+02  9.3769E+00 -1.4633E-01
  3.9743E+00  9.4307E+01  2.4541E+02  2.1537E+02  3.0042E+01  1.4256E-01
  3.9743E+00  9.4307E+01  0.0000E+00  1.3263E+03  0.0000E+00  0.0000E+00
  3.9743E+00  9.4307E+01  6.4204E+02  5.1034E+02  1.3170E+02  1.2661E+00
  3.9743E+00  9.4307E+01  4.5964E+02  3.4371E+02  1.1593E+02  1.0758E+00
  3.8080E+00  6.0003E+01  0.0000E+00  1.1115E+03  0.0000E+00  0.0000E+00
  3.8080E+00  6.0003E+01  1.4737E+03  1.0750E+03  3.9871E+02 -6.7187E-01
  3.8080E+00  6.0003E+01  1.5566E+03  1.0401E+03  5.1653E+02  1.2776E+00
  3.8080E+00  6.0003E+01  1.4030E+03  9.7464E+02  4.2836E+02  7.2209E-01
  3.8080E+00  6.0003E+01  1.3292E+03  8.5966E+02  4.6954E+02  2.3516E+00
  3.8080E+00  6.0003E+01  9.0372E+02  6.8136E+02  2.2236E+02  4.8723E-01
  3.8080E+00  6.0003E+01  7.5592E+02  5.5427E+02  2.0165E+02  1.1032E+00
  3.8080E+00  6.0003E+01  4.7355E+02  4.6286E+02  1.0687E+01 -9.5996E-01
  3.8080E+00  6.0003E+01  4.1204E+02  3.4730E+02  6.4737E+01  2.4326E-01
  3.8080E+00  6.0003E+01  1.6647E+02  2.1537E+02 -4.8898E+01 -1.1478E+00
  3.8080E+00  6.0003E+01  0.0000E+00  1.3263E+03  0.0000E+00  0.0000E+00
  3.8080E+00  6.0003E+01  4.5956E+02  5.1034E+02 -5.0778E+01 -1.7867E+00
  3.8080E+00  6.0003E+01  3.9276E+02  3.4371E+02  4.9046E+01 -2.2414E-01
  1.0581E+01  1.7007E+02  0.0000E+00  1.1115E+03  0.0000E+00  0.0000E+00
  1.0581E+01  1.7007E+02  5.5281E+02  1.0750E+03 -5.2218E+02 -6.2635E-01
  1.0581E+01  1.7007E+02  5.4203E+02  1.0401E+03 -4.9804E+02 -6.0865E-01
  1.0581E+01  1.7007E+02  6.2920E+02  9.7464E+02 -3.4544E+02  8.9446E-01
  1.0581E+01  1.7007E+02  4.3485E+02  8.5966E+02 -4.2481E+02 -1.1356E+00
  1.0581E+01  1.7007E+02  3.4334E+02  6.8136E+02 -3.3802E+02 -1.2980E+00
  1.0581E+01  1.7007E+02  3.3514E+02  5.5427E+02 -2.1913E+02 -5.0565E-01
  1.0581E+01  1.7007E+02  2.3444E+02  4.6286E+02 -2.2842E+02 -1.1272E+00
  1.0581E+01  1.7007E+02  1.7485E+02  3.4730E+02 -1.7245E+02 -8.3082E-01
  1.0581E+01  1.7007E+02  1.1577E+02  2.1537E+02 -9.9598E+01 -5.4848E-02
  1.0581E+01  1.7007E+02  0.0000E+00  1.3263E+03  0.0000E+00  0.0000E+00
  1.0581E+01  1.7007E+02  2.7556E+02  5.1034E+02 -2.3478E+02 -4.5269E-01
  1.0581E+01  1.7007E+02  1.1614E+02  3.4371E+02 -2.2757E+02 -6.7905E-01
  3.3610E+00  5.5662E+01  0.0000E+00  1.1115E+03  0.0000E+00  0.0000E+00
  3.3610E+00  5.5662E+01  1.8621E+03  1.0750E+03  7.8711E+02  3.3559E+00
  3.3610E+00  5.5662E+01  1.5829E+03  1.0401E+03  5.4283E+02  4.4671E-01
  3.3610E+00  5.5662E+01  1.4853E+03  9.7464E+02  5.1066E+02  7.5263E-01
  3.3610E+00  5.5662E+01  1.0739E+03  8.5966E+02  2.1424E+02 -2.0287E+00
  3.3610E+00  5.5662E+01  9.2262E+02  6.8136E+02  2.4126E+02  6.9317E-02
  3.3610E+00  5.5662E+01  7.1627E+02  5.5427E+02  1.6200E+02  3.9676E-02
  3.3610E+00  5.5662E+01  5.6904E+02  4.6286E+02  1.0618E+02 -9.8681E-02
  3.3610E+00  5.5662E+01  3.3655E+02  3.4730E+02 -1.0753E+01 -1.1291E+00
  3.3610E+00  5.5662E+01  3.0146E+02  2.1537E+02  8.6092E+01  3.8074E-01
  3.3610E+00  5.5662E+01  0.0000E+00  1.3263E+03  0.0000E+00  0.0000E+00
  3.3610E+00  5.5662E+01  6.3383E+02  5.1034E+02  1.2349E+02 -5.5593E-02
  3.3610E+00  5.5662E+01  4.6595E+02  3.4371E+02  1.2224E+02  2.0472E-01
  2.8942E+00  7.1018E+01  0.0000E+00  1.1115E+03  0.0000E+00  0.0000E+00
  2.8942E+00  7.1018E+01  1.3379E+03  1.0750E+03  2.6291E+02 -1.1994E-02
  2.8942E+00  7.1018E+01  1.3586E+03  1.0401E+03  3.1853E+02  8.9802E-01
  2.8942E+00  7.1018E+01  1.1195E+03  9.7464E+02  1.4486E+02 -1.1740E+00
  2.8942E+00  7.1018E+01  1.1804E+03  8.5966E+02  3.2074E+02  1.6922E+00
  2.8942E+00  7.1018E+01  7.5808E+02  6.8136E+02  7.6715E+01 -9.4081E-01
  2.8942E+00  7.1018E+01  6.8106E+02  5.5427E+02  1.2679E+02  1.5912E-01
  2.8942E+00  7.1018E+01  6.4017E+02  4.6286E+02  1.7731E+02  1.1018E+00
  2.8942E+00  7.1018E+01  3.9172E+02  3.4730E+02  4.4417E+01 -4.5439E-01
  2.8942E+00  7.1018E+01  3.9288E+02  2.1537E+02  1.7751E+02  1.4835E+00
  2.8942E+00  7.1018E+01  0.0000E+00  1.3263E+03  0.0000E+00  0.0000E+00
  2.8942E+00  7.1018E+01  6.9620E+02  5.1034E+02  1.8586E+02  5.9317E-01
  2.8942E+00  7.1018E+01  5.7115E+02  3.4371E+02  2.2744E+02  1.3643E+00
  3.1479E+00  6.2059E+01  0.0000E+00  1.1115E+03  0.0000E+00  0.0000E+00
  3.1479E+00  6.2059E+01  1.4496E+03  1.0750E+03  3.7461E+02 -5.6958E-01
  3.1479E+00  6.2059E+01  1.5717E+03  1.0401E+03  5.3163E+02  1.8551E+00
  3.1479E+00  6.2059E+01  1.4198E+03  9.7464E+02  4.4516E+02  1.2195E+00
  3.1479E+00  6.2059E+01  1.1290E+03  8.5966E+02  2.6934E+02 -2.6585E-01
  3.1479E+00  6.2059E+01  8.8868E+02  6.8136E+02  2.0732E+02  1.5310E-01
  3.1479E+00  6.2059E+01  6.6992E+02  5.5427E+02  1.1565E+02 -3.2461E-01
  3.1479E+00  6.2059E+01  6.1320E+02  4.6286E+02  1.5034E+02  6.0348E-01
  3.1479E+00  6.2059E+01  5.0119E+02  3.4730E+02  1.5389E+02  1.0699E+00
  3.1479E+00  6.2059E+01  3.2773E+02  2.1537E+02  1.1236E+02  6.7362E-01
  3.1479E+00  6.2059E+01  0.0000E+00  1.3263E+03  0.0000E+00  0.0000E+00
  3.1479E+00  6.2059E+01  5.7734E+02  5.1034E+02  6.7002E+01 -9.1463E-01
  3.1479E+00  6.2059E+01  5.0813E+02  3.4371E+02  1.6442E+02  6.5356E-01
  3.1666E+00  6.0735E+01  0.0000E+00  1.1115E+03  0.0000E+00  0.0000E+00
  3.1666E+00  6.0735E+01  1.5320E+03  1.0750E+03  4.5701E+02  2.1755E-01
  3.1666E+00  6.0735E+01  1.5134E+03  1.0401E+03  4.7333E+02  7.5441E-01
  3.1666E+00  6.0735E+01  1.4491E+03  9.7464E+02  4.7446E+02  1.3470E+00
  3.1666E+00  6.0735E+01  1.2097E+03  8.5966E+02  3.5004E+02  6.2475E-01
  3.1666E+00  6.0735E+01  8.8186E+02  6.8136E+02  2.0050E+02 -5.3281E-02
  3.1666E+00  6.0735E+01  6.4628E+02  5.5427E+02  9.2012E+01 -7.0521E-01
  3.1666E+00  6.0735E+01  5.7183E+02  4.6286E+02  1.0897E+02  1.3646E-02
  3.1666E+00  6.0735E+01  2.9698E+02  3.4730E+02 -5.0323E+01 -1.7028E+00
  3.1666E+00  6.0735E+01  3.3003E+02  2.1537E+02  1.1466E+02  7.0956E-01
  3.1666E+00  6.0735E+01  0.0000E+00  1.3263E+03  0.0000E+00  0.0000E+00
  3.1666E+00  6.0735E+01  7.2530E+02  5.1034E+02  2.1496E+02  1.0958E+00
  3.1666E+00  6.0735E+01  4.7270E+02  3.4371E+02  1.2899E+02  1.8247E-01
  3.0415E+00  4.3101E+01  0.0000E+00  1.1115E+03  0.0000E+00  0.0000E+00
  3.0415E+00  4.3101E+01  2.2386E+03  1.0750E+03  1.1636E+03  3.4926E+00
  3.0415E+00  4.3101E+01  2.0677E+03  1.0401E+03  1.0276E+03  2.3498E+00
  3.0415E+00  4.3101E+01  1.8657E+03  9.7464E+02  8.9106E+02  1.7809E+00
  3.0415E+00  4.3101E+01  1.3270E+03  8.5966E+02  4.6734E+02 -1.8232E+00
  3.0415E+00  4.3101E+01  1.0559E+03  6.8136E+02  3.7454E+02 -9.4455E-02
  3.0415E+00  4.3101E+01  6.7571E+02  5.5427E+02  1.2144E+02 -1.7291E+00
  3.0415E+00  4.3101E+01  6.7510E+02  4.6286E+02  2.1224E+02  5.6485E-01
  3.0415E+00  4.3101E+01  4.2765E+02  3.4730E+02  8.0347E+01 -2.7894E-01
  3.0415E+00  4.3101E+01  3.0482E+02  2.1537E+02  8.9452E+01  1.5537E-01
  3.0415E+00  4.3101E+01  0.0000E+00  1.3263E+03  0.0000E+00  0.0000E+00
  3.0415E+00  4.3101E+01  4.6674E+02  5.1034E+02 -4.3598E+01 -2.9703E+00
  3.0415E+00  4.3101E+01  5.7074E+02  3.4371E+02  2.2703E+02  1.1331E+00
  2.9760E+00  4.9027E+01  0.0000E+00  1.1115E+03  0.0000E+00  0.0000E+00
  2.9760E+00  4.9027E+01  2.0147E+03  1.0750E+03  9.3971E+02  2.9168E+00
  2.9760E+00  4.9027E+01  1.7397E+03  1.0401E+03  6.9963E+02  2.0361E-01
  2.9760E+00  4.9027E+01  1.7577E+03  9.7464E+02  7.8306E+02  2.3326E+00
  2.9760E+00  4.9027E+01  1.2642E+03  8.5966E+02  4.0454E+02 -1.1378E+00
  2.9760E+00  4.9027E+01  1.0424E+03  6.8136E+02  3.6104E+02  5.9601E-01
  2.9760E+00  4.9027E+01  6.8447E+02  5.5427E+02  1.3020E+02 -1.1325E+00
  2.9760E+00  4.9027E+01  5.3301E+02  4.6286E+02  7.0147E+01 -1.1162E+00
  2.9760E+00  4.9027E+01  4.5045E+02  3.4730E+02  1.0315E+02  7.8596E-02
  2.9760E+00  4.9027E+01  3.6576E+02  2.1537E+02  1.5039E+02  9.8244E-01
  2.9760E+00  4.9027E+01  0.0000E+00  1.3263E+03  0.0000E+00  0.0000E+00
  2.9760E+00  4.9027E+01  6.8274E+02  5.1034E+02  1.7240E+02  1.2779E-02
  2.9760E+00  4.9027E+01  4.4501E+02  3.4371E+02  1.0130E+02 -5.7967E-01
  6.1663E+00  1.1415E+02  0.0000E+00  1.1115E+03  0.0000E+00  0.0000E+00
  6.1663E+00  1.1415E+02  9.0386E+02  1.0750E+03 -1.7113E+02  5.1242E-01
  6.1663E+00  1.1415E+02  8.1507E+02  1.0401E+03 -2.2500E+02 -3.6237E-01
  6.1663E+00  1.1415E+02  6.9300E+02  9.7464E+02 -2.8164E+02 -1.3942E+00
  6.1663E+00  1.1415E+02  7.0314E+02  8.5966E+02 -1.5652E+02 -1.3712E-01
  6.1663E+00  1.1415E+02  5.7756E+02  6.8136E+02 -1.0380E+02 -3.9821E-02
  6.1663E+00  1.1415E+02  5.1927E+02  5.5427E+02 -3.4998E+01  5.1734E-01
  6.1663E+00  1.1415E+02  4.2185E+02  4.6286E+02 -4.1013E+01  2.1019E-01
  6.1663E+00  1.1415E+02  3.2891E+02  3.4730E+02 -1.8393E+01  3.0948E-01
  6.1663E+00  1.1415E+02  1.1879E+02  2.1537E+02 -9.6578E+01 -8.3844E-01
  6.1663E+00  1.1415E+02  0.0000E+00  1.3263E+03  0.0000E+00  0.0000E+00
  6.1663E+00  1.1415E+02  3.6566E+02  5.1034E+02 -1.4468E+02 -9.5793E-01
  6.1663E+00  1.1415E+02  3.0462E+02  3.4371E+02 -3.9094E+01  3.4550E-01
  6.1765E+00  1.1599E+02  0.0000E+00  1.1115E+03  0.0000E+00  0.0000E+00
  6.1765E+00  1.1599E+02  8.5068E+02  1.0750E+03 -2.2431E+02 -7.0526E-02
  6.1765E+00  1.1599E+02  9.1619E+02  1.0401E+03 -1.2388E+02  1.1405E+00
  6.1765E+00  1.1599E+02  6.5424E+02  9.7464E+02 -3.2040E+02 -1.8046E+00
  6.1765E+00  1.1599E+02  6.7469E+02  8.5966E+02 -1.8497E+02 -4.3263E-01
  6.1765E+00  1.1599E+02  5.5873E+02  6.8136E+02 -1.2263E+02 -2.3953E-01
  6.1765E+00  1.1599E+02  4.2636E+02  5.5427E+02 -1.2791E+02 -7.0857E-01
  6.1765E+00  1.1599E+02  3.4961E+02  4.6286E+02 -1.1325E+02 -7.4748E-01
  6.1765E+00  1.1599E+02  3.8359E+02  3.4730E+02  3.6287E+01  1.0634E+00
  6.1765E+00  1.1599E+02  1.3741E+02  2.1537E+02 -7.7958E+01 -5.7716E-01
  6.1765E+00  1.1599E+02  0.0000E+00  1.3263E+03  0.0000E+00  0.0000E+00
  6.1765E+00  1.1599E+02  4.2777E+02  5.1034E+02 -8.2568E+01 -9.4926E-02
  6.1765E+00  1.1599E+02  2.9143E+02  3.4371E+02 -5.2284E+01  1.8220E-01
  2.5313E+00  4.3656E+01  0.0000E+00  1.1115E+03  0.0000E+00  0.0000E+00
  2.5313E+00  4.3656E+01  2.2727E+03  1.0750E+03  1.1977E+03  3.7691E+00
  2.5313E+00  4.3656E+01  1.8541E+03  1.0401E+03  8.1403E+02 -7.5071E-01
  2.5313E+00  4.3656E+01  1.9683E+03  9.7464E+02  9.9366E+02  2.9439E+00
  2.5313E+00  4.3656E+01  1.4798E+03  8.5966E+02  6.2014E+02 -2.3475E-02
  2.5313E+00  4.3656E+01  1.0686E+03  6.8136E+02  3.8724E+02 -2.5191E-01
  2.5313E+00  4.3656E+01  7.4418E+02  5.5427E+02  1.8991E+02 -1.1573E+00
  2.5313E+00  4.3656E+01  7.4130E+02  4.6286E+02  2.7844E+02  1.0944E+00
  2.5313E+00  4.3656E+01  4.8826E+02  3.4730E+02  1.4096E+02  1.7424E-01
  2.5313E+00  4.3656E+01  3.5047E+02  2.1537E+02  1.3510E+02  4.3207E-01
  2.5313E+00  4.3656E+01  0.0000E+00  1.3263E+03  0.0000E+00  0.0000E+00
  2.5313E+00  4.3656E+01  6.3800E+02  5.1034E+02  1.2766E+02 -1.3368E+00
  2.5313E+00  4.3656E+01  5.4018E+02  3.4371E+02  1.9647E+02  7.7393E-02
  6.5283E+00  9.9166E+01  0.0000E+00  1.1115E+03  0.0000E+00  0.0000E+00
  6.5283E+00  9.9166E+01  9.9902E+02  1.0750E+03 -7.5969E+01  3.3732E-01
  6.5283E+00  9.9166E+01  1.0631E+03  1.0401E+03  2.3029E+01  1.6372E+00
  6.5283E+00  9.9166E+01  6.9174E+02  9.7464E+02 -2.8290E+02 -2.5951E+00
  6.5283E+00  9.9166E+01  7.8731E+02  8.5966E+02 -7.2350E+01  1.2529E-01
  6.5283E+00  9.9166E+01  6.5628E+02  6.8136E+02 -2.5085E+01  5.6817E-01
  6.5283E+00  9.9166E+01  5.2387E+02  5.5427E+02 -3.0398E+01  3.6838E-01
  6.5283E+00  9.9166E+01  3.5385E+02  4.6286E+02 -1.0901E+02 -7.8025E-01
  6.5283E+00  9.9166E+01  2.5974E+02  3.4730E+02 -8.7563E+01 -5.7472E-01
  6.5283E+00  9.9166E+01  1.3699E+02  2.1537E+02 -7.8378E+01 -5.1354E-01
  6.5283E+00  9.9166E+01  0.0000E+00  1.3263E+03  0.0000E+00  0.0000E+00
  6.5283E+00  9.9166E+01  4.2461E+02  5.1034E+02 -8.5728E+01 -3.2589E-02
  6.5283E+00  9.9166E+01  1.4958E+02  3.4371E+02 -1.9413E+02 -1.6088E+00
  1.9478E+00  4.3417E+01  0.0000E+00  1.1115E+03  0.0000E+00  0.0000E+00
  1.9478E+00  4.3417E+01  2.2864E+03  1.0750E+03  1.2114E+03  3.3764E+00
  1.9478E+00  4.3417E+01  1.9355E+03  1.0401E+03  8.9543E+02 -2.2796E-01
  1.9478E+00  4.3417E+01  1.9074E+03  9.7464E+02  9.3276E+02  1.5301E+00
  1.9478E+00  4.3417E+01  1.4926E+03  8.5966E+02  6.3294E+02 -4.4336E-01
  1.9478E+00  4.3417E+01  1.2514E+03  6.8136E+02  5.7004E+02  1.6347E+00
  1.9478E+00  4.3417E+01  8.6670E+02  5.5427E+02  3.1243E+02 -8.0579E-02
  1.9478E+00  4.3417E+01  7.8326E+02  4.6286E+02  3.2040E+02  1.0895E+00
  1.9478E+00  4.3417E+01  5.3938E+02  3.4730E+02  1.9208E+02  3.1732E-01
  1.9478E+00  4.3417E+01  3.1589E+02  2.1537E+02  1.0052E+02 -5.4279E-01
  1.9478E+00  4.3417E+01  0.0000E+00  1.3263E+03  0.0000E+00  0.0000E+00
  1.9478E+00  4.3417E+01  8.4883E+02  5.1034E+02  3.3849E+02  4.9929E-01
  1.9478E+00  4.3417E+01  6.2522E+02  3.4371E+02  2.8151E+02  2.8690E-01
  7.2471E+00  1.3828E+02  0.0000E+00  1.1115E+03  0.0000E+00  0.0000E+00
  7.2471E+00  1.3828E+02  7.3699E+02  1.0750E+03 -3.3800E+02  1.1961E-01
  7.2471E+00  1.3828E+02  6.9039E+02  1.0401E+03 -3.4968E+02 -2.8064E-01
  7.2471E+00  1.3828E+02  6.4722E+02  9.7464E+02 -3.2742E+02 -4.2109E-01
  7.2471E+00  1.3828E+02  4.8016E+02  8.5966E+02 -3.7950E+02 -1.8692E+00
  7.2471E+00  1.3828E+02  5.3956E+02  6.8136E+02 -1.4180E+02  3.1823E-01
  7.2471E+00  1.3828E+02  3.8913E+02  5.5427E+02 -1.6514E+02 -6.3026E-01
  7.2471E+00  1.3828E+02  4.0062E+02  4.6286E+02 -6.2243E+01  3.8838E-01
  7.2471E+00  1.3828E+02  2.5518E+02  3.4730E+02 -9.2123E+01 -3.6370E-01
  7.2471E+00  1.3828E+02  1.5622E+02  2.1537E+02 -5.9148E+01 -5.7828E-02
  7.2471E+00  1.3828E+02  0.0000E+00  1.3263E+03  0.0000E+00  0.0000E+00
  7.2471E+00  1.3828E+02  3.2115E+02  5.1034E+02 -1.8919E+02 -9.7650E-01
  7.2471E+00  1.3828E+02  2.9236E+02  3.4371E+02 -5.1354E+01  6.8430E-01
  7.7603E+00  1.4605E+02  0.0000E+00  1.1115E+03  0.0000E+00  0.0000E+00
  7.7603E+00  1.4605E+02  6.7537E+02  1.0750E+03 -3.9962E+02 -2.2586E-01
  7.7603E+00  1.4605E+02  6.6913E+02  1.0401E+03 -3.7094E+02 -1.0153E-01
  7.7603E+00  1.4605E+02  5.7669E+02  9.7464E+02 -3.9795E+02 -9.5302E-01
  7.7603E+00  1.4605E+02  5.3130E+02  8.5966E+02 -3.2836E+02 -8.2114E-01
  7.7603E+00  1.4605E+02  4.6812E+02  6.8136E+02 -2.1324E+02 -3.9751E-01
  7.7603E+00  1.4605E+02  4.4546E+02  5.5427E+02 -1.0881E+02  3.2642E-01
  7.7603E+00  1.4605E+02  3.1740E+02  4.6286E+02 -1.4546E+02 -5.8597E-01
  7.7603E+00  1.4605E+02  1.6620E+02  3.4730E+02 -1.8110E+02 -1.4512E+00
  7.7603E+00  1.4605E+02  1.9532E+02  2.1537E+02 -2.0048E+01  5.7636E-01
  7.7603E+00  1.4605E+02  0.0000E+00  1.3263E+03  0.0000E+00  0.0000E+00
  7.7603E+00  1.4605E+02  3.4366E+02  5.1034E+02 -1.6668E+02 -4.5324E-01
  7.7603E+00  1.4605E+02  2.4766E+02  3.4371E+02 -9.6054E+01  2.7016E-01
  8.7851E+00  1.7781E+02  0.0000E+00  1.1115E+03  0.0000E+00  0.0000E+00
  8.7851E+00  1.7781E+02  5.8338E+02  1.0750E+03 -4.9161E+02  1.4291E-01
  8.7851E+00  1.7781E+02  4.9816E+02  1.0401E+03 -5.4191E+02 -8.9344E-01
  8.7851E+00  1.7781E+02  4.7295E+02  9.7464E+02 -5.0169E+02 -9.9509E-01
  8.7851E+00  1.7781E+02  4.4631E+02  8.5966E+02 -4.1335E+02 -8.8054E-01
  8.7851E+00  1.7781E+02  4.0225E+02  6.8136E+02 -2.7911E+02 -5.7668E-01
  8.7851E+00  1.7781E+02  3.3121E+02  5.5427E+02 -2.2306E+02 -7.3860E-01
  8.7851E+00  1.7781E+02  2.8718E+02  4.6286E+02 -1.7568E+02 -6.4652E-01
  8.7851E+00  1.7781E+02  2.5579E+02  3.4730E+02 -9.1513E+01 -8.1862E-03
  8.7851E+00  1.7781E+02  1.1214E+02  2.1537E+02 -1.0323E+02 -3.6911E-01
  8.7851E+00  1.7781E+02  0.0000E+00  1.3263E+03  0.0000E+00  0.0000E+00
  8.7851E+00  1.7781E+02  3.6965E+02  5.1034E+02 -1.4069E+02  3.0072E-01
  8.7851E+00  1.7781E+02  1.9764E+02  3.4371E+02 -1.4607E+02 -6.9884E-02
  4.5561E+00  1.0513E+02  0.0000E+00  1.1115E+03  0.0000E+00  0.0000E+00
  4.5561E+00  1.0513E+02  8.6452E+02  1.0750E+03 -2.1047E+02 -1.0298E+00
  4.5561E+00  1.0513E+02  9.0068E+02  1.0401E+03 -1.3939E+02 -1.8352E-01
  4.5561E+00  1.0513E+02  8.8333E+02  9.7464E+02 -9.1310E+01  2.5295E-01
  4.5561E+00  1.0513E+02  7.6736E+02  8.5966E+02 -9.2300E+01 -1.2040E-01
  4.5561E+00  1.0513E+02  6.0706E+02  6.8136E+02 -7.4305E+01 -3.7420E-01
  4.5561E+00  1.0513E+02  5.7125E+02  5.5427E+02  1.6982E+01  5.6792E-01
  4.5561E+00  1.0513E+02  4.4828E+02  4.6286E+02 -1.4583E+01 -3.2848E-02
  4.5561E+00  1.0513E+02  3.3874E+02  3.4730E+02 -8.5631E+00 -9.9628E-02
  4.5561E+00  1.0513E+02  2.8661E+02  2.1537E+02  7.1242E+01  9.4895E-01
  4.5561E+00  1.0513E+02  0.0000E+00  1.3263E+03  0.0000E+00  0.0000E+00
  4.5561E+00  1.0513E+02  5.3065E+02  5.1034E+02  2.0312E+01  2.7815E-01
  4.5561E+00  1.0513E+02  3.9785E+02  3.4371E+02  5.4136E+01  6.9632E-01
  4.1454E+00  7.8596E+01  0.0000E+00  1.1115E+03  0.0000E+00  0.0000E+00
  4.1454E+00  7.8596E+01  1.3794E+03  1.0750E+03  3.0441E+02  2.3068E+00
  4.1454E+00  7.8596E+01  1.1309E+03  1.0401E+03  9.0829E+01 -4.9714E-01
  4.1454E+00  7.8596E+01  9.9132E+02  9.7464E+02  1.6680E+01 -1.3303E+00
  4.1454E+00  7.8596E+01  1.0328E+03  8.5966E+02  1.7314E+02  1.0829E+00
  4.1454E+00  7.8596E+01  6.8218E+02  6.8136E+02  8.1519E-01 -8.4986E-01
  4.1454E+00  7.8596E+01  4.4811E+02  5.5427E+02 -1.0616E+02 -2.0549E+00
  4.1454E+00  7.8596E+01  4.2073E+02  4.6286E+02 -4.2133E+01 -1.0386E+00
  4.1454E+00  7.8596E+01  4.3866E+02  3.4730E+02  9.1357E+01  9.0778E-01
  4.1454E+00  7.8596E+01  2.7272E+02  2.1537E+02  5.7352E+01  5.0047E-01
  4.1454E+00  7.8596E+01  0.0000E+00  1.3263E+03  0.0000E+00  0.0000E+00
  4.1454E+00  7.8596E+01  6.1568E+02  5.1034E+02  1.0534E+02  8.3469E-01
  4.1454E+00  7.8596E+01  4.2111E+02  3.4371E+02  7.7396E+01  5.3530E-01
  4.7182E+00  1.0149E+02  0.0000E+00  1.1115E+03  0.0000E+00  0.0000E+00
  4.7182E+00  1.0149E+02  9.8692E+02  1.0750E+03 -8.8069E+01  2.5691E-01
  4.7182E+00  1.0149E+02  8.9456E+02  1.0401E+03 -1.4551E+02 -6.1406E-01
  4.7182E+00  1.0149E+02  7.6615E+02  9.7464E+02 -2.0849E+02 -1.6358E+00
  4.7182E+00  1.0149E+02  8.7059E+02  8.5966E+02  1.0930E+01  1.0635E+00
  4.7182E+00  1.0149E+02  5.9477E+02  6.8136E+02 -8.6595E+01 -6.4578E-01
  4.7182E+00  1.0149E+02  6.8675E+02  5.5427E+02  1.3248E+02  2.0969E+00
  4.7182E+00  1.0149E+02  4.4364E+02  4.6286E+02 -1.9223E+01 -9.6204E-02
  4.7182E+00  1.0149E+02  3.7970E+02  3.4730E+02  3.2397E+01  4.8777E-01
  4.7182E+00  1.0149E+02  2.1926E+02  2.1537E+02  3.8918E+00  7.1358E-02
  4.7182E+00  1.0149E+02  0.0000E+00  1.3263E+03  0.0000E+00  0.0000E+00
  4.7182E+00  1.0149E+02  4.8976E+02  5.1034E+02 -2.0578E+01 -2.1167E-01
  4.7182E+00  1.0149E+02  3.5330E+02  3.4371E+02  9.5858E+00  1.6087E-01
  3.9383E+00  9.1498E+01  0.0000E+00  1.1115E+03  0.0000E+00  0.0000E+00
  3.9383E+00  9.1498E+01  1.0199E+03  1.0750E+03 -5.5089E+01 -6.5602E-01
  3.9383E+00  9.1498E+01  1.0815E+03  1.0401E+03  4.1429E+01  6.2498E-01
  3.9383E+00  9.1498E+01  1.0804E+03  9.7464E+02  1.0576E+02  1.4457E+00
  3.9383E+00  9.1498E+01  6.7072E+02  8.5966E+02 -1.8894E+02 -2.6393E+00
  3.9383E+00  9.1498E+01  6.9332E+02  6.8136E+02  1.1955E+01 -2.6848E-02
  3.9383E+00  9.1498E+01  6.2094E+02  5.5427E+02  6.6672E+01  6.5261E-01
  3.9383E+00  9.1498E+01  4.3636E+02  4.6286E+02 -2.6503E+01 -6.4466E-01
  3.9383E+00  9.1498E+01  3.3045E+02  3.4730E+02 -1.6853E+01 -5.3422E-01
  3.9383E+00  9.1498E+01  2.3088E+02  2.1537E+02  1.5512E+01 -7.7536E-02
  3.9383E+00  9.1498E+01  0.0000E+00  1.3263E+03  0.0000E+00  0.0000E+00
  3.9383E+00  9.1498E+01  6.2432E+02  5.1034E+02  1.1398E+02  9.7168E-01
  3.9383E+00  9.1498E+01  5.0982E+02  3.4371E+02  1.6611E+02  1.7149E+00
  2.1504E+00  5.1822E+01  0.0000E+00  1.1115E+03  0.0000E+00  0.0000E+00
  2.1504E+00  5.1822E+01  1.7533E+03  1.0750E+03  6.7831E+02 -1.0969E-01
  2.1504E+00  5.1822E+01  1.6242E+03  1.0401E+03  5.8413E+02 -9.2072E-01
  2.1504E+00  5.1822E+01  1.8109E+03  9.7464E+02  8.3626E+02  3.3563E+00
  2.1504E+00  5.1822E+01  1.4795E+03  8.5966E+02  6.1984E+02  1.8531E+00
  2.1504E+00  5.1822E+01  1.0457E+03  6.8136E+02  3.6434E+02  3.9673E-01
  2.1504E+00  5.1822E+01  7.8695E+02  5.5427E+02  2.3268E+02 -1.6324E-01
  2.1504E+00  5.1822E+01  6.6139E+02  4.6286E+02  1.9853E+02  1.0892E-01
  2.1504E+00  5.1822E+01  5.0553E+02  3.4730E+02  1.5823E+02  2.4149E-01
  2.1504E+00  5.1822E+01  3.3071E+02  2.1537E+02  1.1534E+02 -5.0724E-02
  2.1504E+00  5.1822E+01  0.0000E+00  1.3263E+03  0.0000E+00  0.0000E+00
  2.1504E+00  5.1822E+01  8.0202E+02  5.1034E+02  2.9168E+02  5.2552E-01
  2.1504E+00  5.1822E+01  6.7118E+02  3.4371E+02  3.2747E+02  1.4450E+00
  8.8735E+00  1.7777E+02  0.0000E+00  1.1115E+03  0.0000E+00  0.0000E+00
  8.8735E+00  1.7777E+02  4.7463E+02  1.0750E+03 -6.0036E+02 -1.2930E+00
  8.8735E+00  1.7777E+02  5.5012E+02  1.0401E+03 -4.8995E+02 -1.5042E-01
  8.8735E+00  1.7777E+02  4.8615E+02  9.7464E+02 -4.8849E+02 -7.8180E-01
  8.8735E+00  1.7777E+02  4.8037E+02  8.5966E+02 -3.7929E+02 -3.9039E-01
  8.8735E+00  1.7777E+02  4.2991E+02  6.8136E+02 -2.5145E+02 -1.8213E-01
  8.8735E+00  1.7777E+02  3.8031E+02  5.5427E+02 -1.7396E+02 -5.8410E-02
  8.8735E+00  1.7777E+02  2.8459E+02  4.6286E+02 -1.7827E+02 -6.7099E-01
  8.8735E+00  1.7777E+02  2.4631E+02  3.4730E+02 -1.0099E+02 -1.2909E-01
  8.8735E+00  1.7777E+02  1.3546E+02  2.1537E+02 -7.9908E+01 -4.6105E-02
  8.8735E+00  1.7777E+02  0.0000E+00  1.3263E+03  0.0000E+00  0.0000E+00
  8.8735E+00  1.7777E+02  2.9698E+02  5.1034E+02 -2.1336E+02 -6.7156E-01
  8.8735E+00  1.7777E+02  2.1587E+02  3.4371E+02 -1.2784E+02  1.8962E-01
  3.1889E+00  7.1527E+01  0.0000E+00  1.1115E+03  0.0000E+00  0.0000E+00
  3.1889E+00  7.1527E+01  1.2620E+03  1.0750E+03  1.8701E+02 -8.5226E-01
  3.1889E+00  7.1527E+01  1.4200E+03  1.0401E+03  3.7993E+02  1.9222E+00
  3.1889E+00  7.1527E+01  1.1964E+03  9.7464E+02  2.2176E+02  6.2458E-02
  3.1889E+00  7.1527E+01  1.0694E+03  8.5966E+02  2.0974E+02  3.8108E-01
  3.1889E+00  7.1527E+01  7.7580E+02  6.8136E+02  9.4435E+01 -5.0452E-01
  3.1889E+00  7.1527E+01  6.0936E+02  5.5427E+02  5.5092E+01 -6.2059E-01
  3.1889E+00  7.1527E+01  4.5240E+02  4.6286E+02 -1.0463E+01 -1.2568E+00
  3.1889E+00  7.1527E+01  4.4608E+02  3.4730E+02  9.8777E+01  4.6521E-01
  3.1889E+00  7.1527E+01  3.1986E+02  2.1537E+02  1.0449E+02  6.5961E-01
  3.1889E+00  7.1527E+01  0.0000E+00  1.3263E+03  0.0000E+00  0.0000E+00
  3.1889E+00  7.1527E+01  7.9160E+02  5.1034E+02  2.8126E+02  2.2264E+00
  3.1889E+00  7.1527E+01  4.6494E+02  3.4371E+02  1.2123E+02  2.3498E-01
  3.2386E+00  7.6735E+01  0.0000E+00  1.1115E+03  0.0000E+00  0.0000E+00
  3.2386E+00  7.6735E+01  1.0616E+03  1.0750E+03 -1.3389E+01 -2.5561E+00
  3.2386E+00  7.6735E+01  1.4464E+03  1.0401E+03  4.0633E+02  3.2351E+00
  3.2386E+00  7.6735E+01  1.0552E+03  9.7464E+02  8.0560E+01 -1.0110E+00
  3.2386E+00  7.6735E+01  1.0047E+03  8.5966E+02  1.4504E+02  1.5914E-01
  3.2386E+00  7.6735E+01  8.9108E+02  6.8136E+02  2.0972E+02  1.4569E+00
  3.2386E+00  7.6735E+01  6.2276E+02  5.5427E+02  6.8492E+01 -1.9718E-01
  3.2386E+00  7.6735E+01  6.0010E+02  4.6286E+02  1.3724E+02  8.9812E-01
  3.2386E+00  7.6735E+01  4.8807E+02  3.4730E+02  1.4077E+02  1.1056E+00
  3.2386E+00  7.6735E+01  3.2645E+02  2.1537E+02  1.1108E+02  7.9660E-01
  3.2386E+00  7.6735E+01  0.0000E+00  1.3263E+03  0.0000E+00  0.0000E+00
  3.2386E+00  7.6735E+01  6.5073E+02  5.1034E+02  1.4039E+02  4.3127E-01
  3.2386E+00  7.6735E+01  4.5184E+02  3.4371E+02  1.0813E+02  1.4346E-01
  5.0626E+00  8.0535E+01  0.0000E+00  1.1115E+03  0.0000E+00  0.0000E+00
  5.0626E+00  8.0535E+01  1.3277E+03  1.0750E+03  2.5271E+02  2.0806E+00
  5.0626E+00  8.0535E+01  1.0599E+03  1.0401E+03  1.9829E+01 -9.8730E-01
  5.0626E+00  8.0535E+01  9.1437E+02  9.7464E+02 -6.0270E+01 -1.9055E+00
  5.0626E+00  8.0535E+01  1.1161E+03  8.5966E+02  2.5644E+02  2.6735E+00
  5.0626E+00  8.0535E+01  6.5768E+02  6.8136E+02 -2.3685E+01 -7.4036E-01
  5.0626E+00  8.0535E+01  5.6239E+02  5.5427E+02  8.1218E+00 -7.8785E-02
  5.0626E+00  8.0535E+01  4.0581E+02  4.6286E+02 -5.7053E+01 -8.3053E-01
  5.0626E+00  8.0535E+01  3.6124E+02  3.4730E+02  1.3937E+01  2.4545E-01
  5.0626E+00  8.0535E+01  2.3071E+02  2.1537E+02  1.5342E+01  2.8566E-01
  5.0626E+00  8.0535E+01  0.0000E+00  1.3263E+03  0.0000E+00  0.0000E+00
  5.0626E+00  8.0535E+01  4.6929E+02  5.1034E+02 -4.1048E+01 -4.3016E-01
  5.0626E+00  8.0535E+01  2.6061E+02  3.4371E+02 -8.3104E+01 -9.7921E-01
  3.9325E+00  8.0046E+01  0.0000E+00  1.1115E+03  0.0000E+00  0.0000E+00
  3.9325E+00  8.0046E+01  1.2836E+03  1.0750E+03  2.0861E+02  1.1942E+00
  3.9325E+00  8.0046E+01  1.1576E+03  1.0401E+03  1.1753E+02  3.4475E-02
  3.9325E+00  8.0046E+01  1.0265E+03  9.7464E+02  5.1860E+01 -7.1681E-01
  3.9325E+00  8.0046E+01  9.8059E+02  8.5966E+02  1.2093E+02  4.5553E-01
  3.9325E+00  8.0046E+01  6.6306E+02  6.8136E+02 -1.8305E+01 -1.1029E+00
  3.9325E+00  8.0046E+01  5.6716E+02  5.5427E+02  1.2892E+01 -4.7611E-01
  3.9325E+00  8.0046E+01  4.6544E+02  4.6286E+02  2.5770E+00 -4.9287E-01
  3.9325E+00  8.0046E+01  4.0431E+02  3.4730E+02  5.7007E+01  3.6191E-01
  3.9325E+00  8.0046E+01  2.2168E+02  2.1537E+02  6.3118E+00 -2.7034E-01
  3.9325E+00  8.0046E+01  0.0000E+00  1.3263E+03  0.0000E+00  0.0000E+00
  3.9325E+00  8.0046E+01  6.8992E+02  5.1034E+02  1.7958E+02  1.6896E+00
  3.9325E+00  8.0046E+01  3.9739E+02  3.4371E+02  5.3676E+01  6.6651E-02
  6.4663E+00  9.9626E+01  0.0000E+00  1.1115E+03  0.0000E+00  0.0000E+00
  6.4663E+00  9.9626E+01  9.6079E+02  1.0750E+03 -1.1420E+02 -1.3628E-01
  6.4663E+00  9.9626E+01  1.0020E+03  1.0401E+03 -3.8071E+01  8.4808E-01
  6.4663E+00  9.9626E+01  8.0979E+02  9.7464E+02 -1.6485E+02 -9.6228E-01
  6.4663E+00  9.9626E+01  8.4959E+02  8.5966E+02 -1.0070E+01  9.8581E-01
  6.4663E+00  9.9626E+01  4.8718E+02  6.8136E+02 -1.9418E+02 -1.7322E+00
  6.4663E+00  9.9626E+01  5.5061E+02  5.5427E+02 -3.6582E+00  7.1372E-01
  6.4663E+00  9.9626E+01  3.9569E+02  4.6286E+02 -6.7173E+01 -2.3658E-01
  6.4663E+00  9.9626E+01  2.1112E+02  3.4730E+02 -1.3618E+02 -1.2636E+00
  6.4663E+00  9.9626E+01  1.5929E+02  2.1537E+02 -5.6078E+01 -2.3899E-01
  6.4663E+00  9.9626E+01  0.0000E+00  1.3263E+03  0.0000E+00  0.0000E+00
  6.4663E+00  9.9626E+01  3.6445E+02  5.1034E+02 -1.4589E+02 -9.0433E-01
  6.4663E+00  9.9626E+01  2.6386E+02  3.4371E+02 -7.9854E+01 -1.1058E-01
  4.4002E+00  7.4472E+01  0.0000E+00  1.1115E+03  0.0000E+00  0.0000E+00
  4.4002E+00  7.4472E+01  1.2948E+03  1.0750E+03  2.1981E+02  4.9396E-01
  4.4002E+00  7.4472E+01  1.3185E+03  1.0401E+03  2.7843E+02  1.4325E+00
  4.4002E+00  7.4472E+01  1.1987E+03  9.7464E+02  2.2406E+02  9.5618E-01
  4.4002E+00  7.4472E+01  8.7292E+02  8.5966E+02  1.3260E+01 -1.4677E+00
  4.4002E+00  7.4472E+01  6.9589E+02  6.8136E+02  1.4525E+01 -8.4246E-01
  4.4002E+00  7.4472E+01  5.4803E+02  5.5427E+02 -6.2382E+00 -7.5813E-01
  4.4002E+00  7.4472E+01  4.3305E+02  4.6286E+02 -2.9813E+01 -8.6228E-01
  4.4002E+00  7.4472E+01  3.0729E+02  3.4730E+02 -4.0013E+01 -8.0874E-01
  4.4002E+00  7.4472E+01  2.7006E+02  2.1537E+02  5.4692E+01  5.3867E-01
  4.4002E+00  7.4472E+01  0.0000E+00  1.3263E+03  0.0000E+00  0.0000E+00
  4.4002E+00  7.4472E+01  5.5687E+02  5.1034E+02  4.6532E+01  1.7149E-01
  4.4002E+00  7.4472E+01  4.2469E+02  3.4371E+02  8.0976E+01  7.2471E-01
  7.2384E+00  1.2254E+02  0.0000E+00  1.1115E+03  0.0000E+00  0.0000E+00
  7.2384E+00  1.2254E+02  7.7883E+02  1.0750E+03 -2.9616E+02 -4.3115E-01
  7.2384E+00  1.2254E+02  8.2335E+02  1.0401E+03 -2.1672E+02  4.7580E-01
  7.2384E+00  1.2254E+02  7.5366E+02  9.7464E+02 -2.2098E+02  1.0445E-01
  7.2384E+00  1.2254E+02  5.9759E+02  8.5966E+02 -2.6207E+02 -9.7945E-01
  7.2384E+00  1.2254E+02  4.5558E+02  6.8136E+02 -2.2578E+02 -1.2275E+00
  7.2384E+00  1.2254E+02  4.3919E+02  5.5427E+02 -1.1508E+02 -1.7905E-01
  7.2384E+00  1.2254E+02  3.5244E+02  4.6286E+02 -1.1042E+02 -3.8995E-01
  7.2384E+00  1.2254E+02  3.0260E+02  3.4730E+02 -4.4703E+01  2.4524E-01
  7.2384E+00  1.2254E+02  1.3886E+02  2.1537E+02 -7.6508E+01 -3.0539E-01
  7.2384E+00  1.2254E+02  0.0000E+00  1.3263E+03  0.0000E+00  0.0000E+00
  7.2384E+00  1.2254E+02  3.8158E+02  5.1034E+02 -1.2876E+02 -2.0384E-01
  7.2384E+00  1.2254E+02  1.9627E+02  3.4371E+02 -1.4744E+02 -6.3912E-01
  2.5027E+00  6.6363E+01  0.0000E+00  1.1115E+03  0.0000E+00  0.0000E+00
  2.5027E+00  6.6363E+01  1.2696E+03  1.0750E+03  1.9461E+02 -2.1461E+00
  2.5027E+00  6.6363E+01  1.3926E+03  1.0401E+03  3.5253E+02  2.0547E-01
  2.5027E+00  6.6363E+01  1.4763E+03  9.7464E+02  5.0166E+02  2.6117E+00
  2.5027E+00  6.6363E+01  1.1537E+03  8.5966E+02  2.9404E+02  4.3773E-01
  2.5027E+00  6.6363E+01  8.9035E+02  6.8136E+02  2.0899E+02  1.9427E-01
  2.5027E+00  6.6363E+01  8.1961E+02  5.5427E+02  2.6534E+02  1.5230E+00
  2.5027E+00  6.6363E+01  7.0540E+02  4.6286E+02  2.4254E+02  1.5582E+00
  2.5027E+00  6.6363E+01  5.3520E+02  3.4730E+02  1.8790E+02  1.1479E+00
  2.5027E+00  6.6363E+01  3.1254E+02  2.1537E+02  9.7172E+01  9.2054E-02
  2.5027E+00  6.6363E+01  0.0000E+00  1.3263E+03  0.0000E+00  0.0000E+00
  2.5027E+00  6.6363E+01  6.8348E+02  5.1034E+02  1.7314E+02 -2.0819E-01
  2.5027E+00  6.6363E+01  6.2442E+02  3.4371E+02  2.8071E+02  1.5268E+00
  6.9672E+00  1.1214E+02  0.0000E+00  1.1115E+03  0.0000E+00  0.0000E+00
  6.9672E+00  1.1214E+02  9.2395E+02  1.0750E+03 -1.5104E+02  6.5129E-01
  6.9672E+00  1.1214E+02  9.4500E+02  1.0401E+03 -9.5071E+01  1.2910E+00
  6.9672E+00  1.1214E+02  6.5103E+02  9.7464E+02 -3.2361E+02 -2.0304E+00
  6.9672E+00  1.1214E+02  6.1912E+02  8.5966E+02 -2.4054E+02 -1.2729E+00
  6.9672E+00  1.1214E+02  6.0952E+02  6.8136E+02 -7.1845E+01  4.9363E-01
  6.9672E+00  1.1214E+02  4.4338E+02  5.5427E+02 -1.1089E+02 -3.5919E-01
  6.9672E+00  1.1214E+02  3.1196E+02  4.6286E+02 -1.5090E+02 -1.0991E+00
  6.9672E+00  1.1214E+02  3.2035E+02  3.4730E+02 -2.6953E+01  3.9482E-01
  6.9672E+00  1.1214E+02  1.8680E+02  2.1537E+02 -2.8568E+01  2.7585E-01
  6.9672E+00  1.1214E+02  0.0000E+00  1.3263E+03  0.0000E+00  0.0000E+00
  6.9672E+00  1.1214E+02  3.7437E+02  5.1034E+02 -1.3597E+02 -4.5922E-01
  6.9672E+00  1.1214E+02  1.8278E+02  3.4371E+02 -1.6093E+02 -9.4958E-01
  6.5674E+00  1.3673E+02  0.0000E+00  1.1115E+03  0.0000E+00  0.0000E+00
  6.5674E+00  1.3673E+02  6.4156E+02  1.0750E+03 -4.3343E+02 -1.2895E+00
  6.5674E+00  1.3673E+02  7.0706E+02  1.0401E+03 -3.3301E+02 -1.7277E-01
  6.5674E+00  1.3673E+02  6.6278E+02  9.7464E+02 -3.1186E+02 -3.3591E-01
  6.5674E+00  1.3673E+02  6.6319E+02  8.5966E+02 -1.9647E+02  4.7677E-01
  6.5674E+00  1.3673E+02  5.0338E+02  6.8136E+02 -1.7798E+02 -3.2494E-01
  6.5674E+00  1.3673E+02  3.7617E+02  5.5427E+02 -1.7810E+02 -9.6436E-01
  6.5674E+00  1.3673E+02  3.3035E+02  4.6286E+02 -1.3251E+02 -7.2501E-01
  6.5674E+00  1.3673E+02  2.8458E+02  3.4730E+02 -6.2723E+01 -1.2187E-01
  6.5674E+00  1.3673E+02  2.2210E+02  2.1537E+02  6.7318E+00  6.9100E-01
  6.5674E+00  1.3673E+02  0.0000E+00  1.3263E+03  0.0000E+00  0.0000E+00
  6.5674E+00  1.3673E+02  4.3162E+02  5.1034E+02 -7.8718E+01  2.2935E-01
  6.5674E+00  1.3673E+02  2.7287E+02  3.4371E+02 -7.0844E+01  1.4835E-01
  7.7584E+00  1.5033E+02  0.0000E+00  1.1115E+03  0.0000E+00  0.0000E+00
  7.7584E+00  1.5033E+02  6.3922E+02  1.0750E+03 -4.3577E+02 -4.4865E-01
  7.7584E+00  1.5033E+02  6.3730E+02  1.0401E+03 -4.0277E+02 -2.8248E-01
  7.7584E+00  1.5033E+02  5.8169E+02  9.7464E+02 -3.9295E+02 -6.6482E-01
  7.7584E+00  1.5033E+02  5.3902E+02  8.5966E+02 -3.2064E+02 -5.4715E-01
  7.7584E+00  1.5033E+02  4.5822E+02  6.8136E+02 -2.2314E+02 -4.3349E-01
  7.7584E+00  1.5033E+02  3.2916E+02  5.5427E+02 -2.2511E+02 -1.1958E+00
  7.7584E+00  1.5033E+02  3.9281E+02  4.6286E+02 -7.0053E+01  4.6876E-01
  7.7584E+00  1.5033E+02  2.8185E+02  3.4730E+02 -6.5453E+01  1.2819E-01
  7.7584E+00  1.5033E+02  1.7614E+02  2.1537E+02 -3.9228E+01  3.2044E-01
  7.7584E+00  1.5033E+02  0.0000E+00  1.3263E+03  0.0000E+00  0.0000E+00
  7.7584E+00  1.5033E+02  3.5802E+02  5.1034E+02 -1.5232E+02 -2.4399E-01
  7.7584E+00  1.5033E+02  1.9568E+02  3.4371E+02 -1.4803E+02 -4.2779E-01
  4.6806E+00  9.6333E+01  0.0000E+00  1.1115E+03  0.0000E+00  0.0000E+00
  4.6806E+00  9.6333E+01  1.0797E+03  1.0750E+03  4.7106E+00  8.5961E-01
  4.6806E+00  9.6333E+01  9.8335E+02  1.0401E+03 -5.6721E+01 -2.4716E-02
  4.6806E+00  9.6333E+01  9.1698E+02  9.7464E+02 -5.7660E+01 -1.2996E-01
  4.6806E+00  9.6333E+01  7.4134E+02  8.5966E+02 -1.1832E+02 -1.1073E+00
  4.6806E+00  9.6333E+01  5.8155E+02  6.8136E+02 -9.9815E+01 -1.0697E+00
  4.6806E+00  9.6333E+01  5.1316E+02  5.5427E+02 -4.1108E+01 -4.0035E-01
  4.6806E+00  9.6333E+01  4.3113E+02  4.6286E+02 -3.1733E+01 -3.4728E-01
  4.6806E+00  9.6333E+01  3.5520E+02  3.4730E+02  7.8969E+00  1.2636E-01
  4.6806E+00  9.6333E+01  3.0997E+02  2.1537E+02  9.4602E+01  1.2873E+00
  4.6806E+00  9.6333E+01  0.0000E+00  1.3263E+03  0.0000E+00  0.0000E+00
  4.6806E+00  9.6333E+01  4.8883E+02  5.1034E+02 -2.1508E+01 -2.6832E-01
  4.6806E+00  9.6333E+01  4.3541E+02  3.4371E+02  9.1696E+01  1.2487E+00
  9.8638E+00  1.4908E+02  0.0000E+00  1.1115E+03  0.0000E+00  0.0000E+00
  9.8638E+00  1.4908E+02  6.2398E+02  1.0750E+03 -4.5101E+02 -6.6892E-01
  9.8638E+00  1.4908E+02  6.1113E+02  1.0401E+03 -4.2894E+02 -6.2257E-01
  9.8638E+00  1.4908E+02  6.9387E+02  9.7464E+02 -2.8077E+02  9.2420E-01
  9.8638E+00  1.4908E+02  4.9399E+02  8.5966E+02 -3.6567E+02 -1.0074E+00
  9.8638E+00  1.4908E+02  4.2217E+02  6.8136E+02 -2.5919E+02 -6.6098E-01
  9.8638E+00  1.4908E+02  4.1692E+02  5.5427E+02 -1.3735E+02  3.1721E-01
  9.8638E+00  1.4908E+02  2.7889E+02  4.6286E+02 -1.8397E+02 -7.2476E-01
  9.8638E+00  1.4908E+02  1.1433E+02  3.4730E+02 -2.3297E+02 -1.7759E+00
  9.8638E+00  1.4908E+02  9.0436E+01  2.1537E+02 -1.2493E+02 -4.9619E-01
  9.8638E+00  1.4908E+02  0.0000E+00  1.3263E+03  0.0000E+00  0.0000E+00
  9.8638E+00  1.4908E+02  2.5653E+02  5.1034E+02 -2.5381E+02 -9.2749E-01
  9.8638E+00  1.4908E+02  1.4339E+02  3.4371E+02 -2.0032E+02 -4.8905E-01
  5.1355E+00  1.0416E+02  0.0000E+00  1.1115E+03  0.0000E+00  0.0000E+00
  5.1355E+00  1.0416E+02  9.8898E+02  1.0750E+03 -8.6009E+01  5.9229E-01
  5.1355E+00  1.0416E+02  8.9530E+02  1.0401E+03 -1.4477E+02 -3.0442E-01
  5.1355E+00  1.0416E+02  7.3142E+02  9.7464E+02 -2.4322E+02 -1.8220E+00
  5.1355E+00  1.0416E+02  8.2068E+02  8.5966E+02 -3.8980E+01  6.4635E-01
  5.1355E+00  1.0416E+02  6.8213E+02  6.8136E+02  7.6519E-01  7.6302E-01
  5.1355E+00  1.0416E+02  4.1122E+02  5.5427E+02 -1.4305E+02 -1.4436E+00
  5.1355E+00  1.0416E+02  4.2797E+02  4.6286E+02 -3.4893E+01 -1.2641E-01
  5.1355E+00  1.0416E+02  4.1157E+02  3.4730E+02  6.4267E+01  1.0846E+00
  5.1355E+00  1.0416E+02  1.5514E+02  2.1537E+02 -6.0228E+01 -6.5038E-01
  5.1355E+00  1.0416E+02  0.0000E+00  1.3263E+03  0.0000E+00  0.0000E+00
  5.1355E+00  1.0416E+02  4.8723E+02  5.1034E+02 -2.3108E+01  5.7811E-02
  5.1355E+00  1.0416E+02  3.5983E+02  3.4371E+02  1.6116E+01  5.2643E-01
  3.1383E+00  7.4100E+01  0.0000E+00  1.1115E+03  0.0000E+00  0.0000E+00
  3.1383E+00  7.4100E+01  1.2427E+03  1.0750E+03  1.6771E+02 -6.0792E-01
  3.1383E+00  7.4100E+01  1.2234E+03  1.0401E+03  1.8333E+02 -2.7197E-01
  3.1383E+00  7.4100E+01  1.2470E+03  9.7464E+02  2.7236E+02  1.1638E+00
  3.1383E+00  7.4100E+01  1.1132E+03  8.5966E+02  2.5354E+02  1.2915E+00
  3.1383E+00  7.4100E+01  7.9939E+02  6.8136E+02  1.1803E+02 -4.9578E-03
  3.1383E+00  7.4100E+01  5.3938E+02  5.5427E+02 -1.4888E+01 -1.4723E+00
  3.1383E+00  7.4100E+01  5.0626E+02  4.6286E+02  4.3397E+01 -4.7529E-01
  3.1383E+00  7.4100E+01  3.9439E+02  3.4730E+02  4.7087E+01 -2.2662E-01
  3.1383E+00  7.4100E+01  3.7587E+02  2.1537E+02  1.6050E+02  1.4195E+00
  3.1383E+00  7.4100E+01  0.0000E+00  1.3263E+03  0.0000E+00  0.0000E+00
  3.1383E+00  7.4100E+01  6.8446E+02  5.1034E+02  1.7412E+02  7.8263E-01
  3.1383E+00  7.4100E+01  5.7309E+02  3.4371E+02  2.2938E+02  1.7009E+00
  6.9965E+00  1.4014E+02  0.0000E+00  1.1115E+03  0.0000E+00  0.0000E+00
  6.9965E+00  1.4014E+02  6.1824E+02  1.0750E+03 -4.5675E+02 -1.3290E+00
  6.9965E+00  1.4014E+02  6.2839E+02  1.0401E+03 -4.1168E+02 -9.7404E-01
  6.9965E+00  1.4014E+02  7.3652E+02  9.7464E+02 -2.3812E+02  9.1161E-01
  6.9965E+00  1.4014E+02  5.9190E+02  8.5966E+02 -2.6776E+02 -2.7694E-01
  6.9965E+00  1.4014E+02  4.5048E+02  6.8136E+02 -2.3088E+02 -8.7625E-01
  6.9965E+00  1.4014E+02  4.8021E+02  5.5427E+02 -7.4058E+01  5.8453E-01
  6.9965E+00  1.4014E+02  4.1843E+02  4.6286E+02 -4.4433E+01  5.8884E-01
  6.9965E+00  1.4014E+02  2.3366E+02  3.4730E+02 -1.1364E+02 -7.1273E-01
  6.9965E+00  1.4014E+02  1.7484E+02  2.1537E+02 -4.0528E+01  1.3847E-01
  6.9965E+00  1.4014E+02  0.0000E+00  1.3263E+03  0.0000E+00  0.0000E+00
  6.9965E+00  1.4014E+02  3.5434E+02  5.1034E+02 -1.5600E+02 -6.3564E-01
  6.9965E+00  1.4014E+02  2.6127E+02  3.4371E+02 -8.2444E+01  1.5641E-01
  4.5496E+00  8.6133E+01  0.0000E+00  1.1115E+03  0.0000E+00  0.0000E+00
  4.5496E+00  8.6133E+01  1.1910E+03  1.0750E+03  1.1601E+02  1.0086E+00
  4.5496E+00  8.6133E+01  1.0766E+03  1.0401E+03  3.6529E+01 -4.0851E-02
  4.5496E+00  8.6133E+01  1.1005E+03  9.7464E+02  1.2586E+02  1.2249E+00
  4.5496E+00  8.6133E+01  7.7537E+02  8.5966E+02 -8.4290E+01 -1.5375E+00
  4.5496E+00  8.6133E+01  5.4997E+02  6.8136E+02 -1.3139E+02 -2.0514E+00
  4.5496E+00  8.6133E+01  5.6891E+02  5.5427E+02  1.4642E+01  6.7342E-03
  4.5496E+00  8.6133E+01  4.1327E+02  4.6286E+02 -4.9593E+01 -8.1943E-01
  4.5496E+00  8.6133E+01  3.5843E+02  3.4730E+02  1.1127E+01  4.6338E-02
  4.5496E+00  8.6133E+01  2.3706E+02  2.1537E+02  2.1692E+01  2.0662E-01
  4.5496E+00  8.6133E+01  0.0000E+00  1.3263E+03  0.0000E+00  0.0000E+00
  4.5496E+00  8.6133E+01  5.2303E+02  5.1034E+02  1.2692E+01 -1.5440E-02
  4.5496E+00  8.6133E+01  4.6766E+02  3.4371E+02  1.2395E+02  1.5194E+00
  2.1922E+00  6.0558E+01  0.0000E+00  1.1115E+03  0.0000E+00  0.0000E+00
  2.1922E+00  6.0558E+01  1.5797E+03  1.0750E+03  5.0471E+02  4.2640E-01
  2.1922E+00  6.0558E+01  1.4292E+03  1.0401E+03  3.8913E+02 -8.5160E-01
  2.1922E+00  6.0558E+01  1.4742E+03  9.7464E+02  4.9956E+02  1.1798E+00
  2.1922E+00  6.0558E+01  1.1901E+03  8.5966E+02  3.3044E+02 -2.1959E-01
  2.1922E+00  6.0558E+01  1.0915E+03  6.8136E+02  4.1014E+02  2.1263E+00
  2.1922E+00  6.0558E+01  8.7579E+02  5.5427E+02  3.2152E+02  1.7033E+00
  2.1922E+00  6.0558E+01  5.8671E+02  4.6286E+02  1.2385E+02 -5.0532E-01
  2.1922E+00  6.0558E+01  5.6850E+02  3.4730E+02  2.2120E+02  1.2663E+00
  2.1922E+00  6.0558E+01  3.7349E+02  2.1537E+02  1.5812E+02  6.3657E-01
  2.1922E+00  6.0558E+01  0.0000E+00  1.3263E+03  0.0000E+00  0.0000E+00
  2.1922E+00  6.0558E+01  8.1158E+02  5.1034E+02  3.0124E+02  9.2971E-01
  2.1922E+00  6.0558E+01  6.3181E+02  3.4371E+02  2.8810E+02  1.1026E+00
  6.4491E+00  1.3398E+02  0.0000E+00  1.1115E+03  0.0000E+00  0.0000E+00
  6.4491E+00  1.3398E+02  6.1557E+02  1.0750E+03 -4.5942E+02 -1.7833E+00
  6.4491E+00  1.3398E+02  7.3090E+02  1.0401E+03 -3.0917E+02  1.5702E-02
  6.4491E+00  1.3398E+02  7.4550E+02  9.7464E+02 -2.2914E+02  6.6270E-01
  6.4491E+00  1.3398E+02  5.7296E+02  8.5966E+02 -2.8670E+02 -8.5305E-01
  6.4491E+00  1.3398E+02  5.3121E+02  6.8136E+02 -1.5015E+02 -2.6137E-02
  6.4491E+00  1.3398E+02  4.0786E+02  5.5427E+02 -1.4641E+02 -5.9677E-01
  6.4491E+00  1.3398E+02  4.6334E+02  4.6286E+02  4.7696E-01  1.0274E+00
  6.4491E+00  1.3398E+02  3.4493E+02  3.4730E+02 -2.3731E+00  6.5441E-01
  6.4491E+00  1.3398E+02  1.4343E+02  2.1537E+02 -7.1938E+01 -4.1409E-01
  6.4491E+00  1.3398E+02  0.0000E+00  1.3263E+03  0.0000E+00  0.0000E+00
  6.4491E+00  1.3398E+02  3.9614E+02  5.1034E+02 -1.1420E+02 -3.3016E-01
  6.4491E+00  1.3398E+02  2.6421E+02  3.4371E+02 -7.9504E+01 -3.8908E-02
  3.7750E+00  7.8316E+01  0.0000E+00  1.1115E+03  0.0000E+00  0.0000E+00
  3.7750E+00  7.8316E+01  1.2444E+03  1.0750E+03  1.6941E+02  3.1728E-01
  3.7750E+00  7.8316E+01  1.1954E+03  1.0401E+03  1.5533E+02  2.1818E-01
  3.7750E+00  7.8316E+01  1.0055E+03  9.7464E+02  3.0860E+01 -1.3024E+00
  3.7750E+00  7.8316E+01  1.0955E+03  8.5966E+02  2.3584E+02  1.7627E+00
  3.7750E+00  7.8316E+01  7.2794E+02  6.8136E+02  4.6575E+01 -4.0659E-01
  3.7750E+00  7.8316E+01  6.2554E+02  5.5427E+02  7.1272E+01  1.7402E-01
  3.7750E+00  7.8316E+01  5.5854E+02  4.6286E+02  9.5677E+01  6.5395E-01
  3.7750E+00  7.8316E+01  4.2651E+02  3.4730E+02  7.9207E+01  5.7079E-01
  3.7750E+00  7.8316E+01  3.0484E+02  2.1537E+02  8.9472E+01  7.7792E-01
  3.7750E+00  7.8316E+01  0.0000E+00  1.3263E+03  0.0000E+00  0.0000E+00
  3.7750E+00  7.8316E+01  5.6156E+02  5.1034E+02  5.1222E+01 -2.2050E-01
  3.7750E+00  7.8316E+01  4.1685E+02  3.4371E+02  7.3136E+01  1.8141E-01
  8.1888E+00  1.0982E+02  0.0000E+00  1.1115E+03  0.0000E+00  0.0000E+00
  8.1888E+00  1.0982E+02  8.7412E+02  1.0750E+03 -2.0087E+02 -1.0492E-01
  8.1888E+00  1.0982E+02  9.0601E+02  1.0401E+03 -1.3406E+02  7.0599E-01
  8.1888E+00  1.0982E+02  7.7762E+02  9.7464E+02 -1.9702E+02 -3.2460E-01
  8.1888E+00  1.0982E+02  7.3954E+02  8.5966E+02 -1.2012E+02  4.2078E-01
  8.1888E+00  1.0982E+02  5.0539E+02  6.8136E+02 -1.7597E+02 -7.6465E-01
  8.1888E+00  1.0982E+02  3.2086E+02  5.5427E+02 -2.3341E+02 -1.8142E+00
  8.1888E+00  1.0982E+02  3.0146E+02  4.6286E+02 -1.6140E+02 -1.0064E+00
  8.1888E+00  1.0982E+02  2.0268E+02  3.4730E+02 -1.4462E+02 -9.4952E-01
  8.1888E+00  1.0982E+02  1.9209E+02  2.1537E+02 -2.3278E+01  5.8582E-01
  8.1888E+00  1.0982E+02  0.0000E+00  1.3263E+03  0.0000E+00  0.0000E+00
  8.1888E+00  1.0982E+02  3.0917E+02  5.1034E+02 -2.0117E+02 -8.6854E-01
  8.1888E+00  1.0982E+02  1.5316E+02  3.4371E+02 -1.9055E+02 -9.0561E-01
  3.4415E+00  5.6385E+01  0.0000E+00  1.1115E+03  0.0000E+00  0.0000E+00
  3.4415E+00  5.6385E+01  1.6724E+03  1.0750E+03  5.9741E+02  8.7315E-01
  3.4415E+00  5.6385E+01  1.5995E+03  1.0401E+03  5.5943E+02  7.6452E-01
  3.4415E+00  5.6385E+01  1.4358E+03  9.7464E+02  4.6116E+02  1.7487E-01
  3.4415E+00  5.6385E+01  1.3667E+03  8.5966E+02  5.0704E+02  2.0409E+00
  3.4415E+00  5.6385E+01  9.4186E+02  6.8136E+02  2.6050E+02  4.2789E-01
  3.4415E+00  5.6385E+01  7.5409E+02  5.5427E+02  1.9982E+02  6.4983E-01
  3.4415E+00  5.6385E+01  5.1713E+02  4.6286E+02  5.4267E+01 -7.0772E-01
  3.4415E+00  5.6385E+01  3.7459E+02  3.4730E+02  2.7287E+01 -5.2103E-01
  3.4415E+00  5.6385E+01  2.1213E+02  2.1537E+02 -3.2382E+00 -7.4712E-01
  3.4415E+00  5.6385E+01  0.0000E+00  1.3263E+03  0.0000E+00  0.0000E+00
  3.4415E+00  5.6385E+01  5.8540E+02  5.1034E+02  7.5062E+01 -5.4176E-01
  3.4415E+00  5.6385E+01  3.9841E+02  3.4371E+02  5.4696E+01 -5.5411E-01
  5.7104E+00  1.0555E+02  0.0000E+00  1.1115E+03  0.0000E+00  0.0000E+00
  5.7104E+00  1.0555E+02  8.7518E+02  1.0750E+03 -1.9981E+02 -7.5102E-01
  5.7104E+00  1.0555E+02  9.5574E+02  1.0401E+03 -8.4331E+01  7.1759E-01
  5.7104E+00  1.0555E+02  8.6427E+02  9.7464E+02 -1.1037E+02  1.8375E-01
  5.7104E+00  1.0555E+02  6.6578E+02  8.5966E+02 -1.9388E+02 -1.2520E+00
  5.7104E+00  1.0555E+02  6.1201E+02  6.8136E+02 -6.9355E+01  1.3747E-02
  5.7104E+00  1.0555E+02  5.3227E+02  5.5427E+02 -2.1998E+01  3.9775E-01
  5.7104E+00  1.0555E+02  4.1247E+02  4.6286E+02 -5.0393E+01 -1.4267E-01
  5.7104E+00  1.0555E+02  3.2347E+02  3.4730E+02 -2.3833E+01  7.4623E-02
  5.7104E+00  1.0555E+02  1.7859E+02  2.1537E+02 -3.6778E+01 -1.6185E-01
  5.7104E+00  1.0555E+02  0.0000E+00  1.3263E+03  0.0000E+00  0.0000E+00
  5.7104E+00  1.0555E+02  4.2818E+02  5.1034E+02 -8.2158E+01 -3.9818E-01
  5.7104E+00  1.0555E+02  2.9531E+02  3.4371E+02 -4.8404E+01 -3.1040E-02
  8.3892E+00  1.0892E+02  0.0000E+00  1.1115E+03  0.0000E+00  0.0000E+00
  8.3892E+00  1.0892E+02  9.3309E+02  1.0750E+03 -1.4190E+02  6.3889E-01
  8.3892E+00  1.0892E+02  8.5632E+02  1.0401E+03 -1.8375E+02 -1.8367E-02
  8.3892E+00  1.0892E+02  7.2858E+02  9.7464E+02 -2.4606E+02 -1.0284E+00
  8.3892E+00  1.0892E+02  8.0145E+02  8.5966E+02 -5.8210E+01  1.2420E+00
  8.3892E+00  1.0892E+02  5.1727E+02  6.8136E+02 -1.6409E+02 -5.9618E-01
  8.3892E+00  1.0892E+02  3.3206E+02  5.5427E+02 -2.2221E+02 -1.6399E+00
  8.3892E+00  1.0892E+02  3.0667E+02  4.6286E+02 -1.5619E+02 -9.0516E-01
  8.3892E+00  1.0892E+02  2.0294E+02  3.4730E+02 -1.4436E+02 -9.0927E-01
  8.3892E+00  1.0892E+02  1.1745E+02  2.1537E+02 -9.7918E+01 -3.9165E-01
  8.3892E+00  1.0892E+02  0.0000E+00  1.3263E+03  0.0000E+00  0.0000E+00
  8.3892E+00  1.0892E+02  2.3727E+02  5.1034E+02 -2.7307E+02 -1.7744E+00
  8.3892E+00  1.0892E+02  2.1447E+02  3.4371E+02 -1.2924E+02 -7.0714E-03
  2.6076E+00  7.1266E+01  0.0000E+00  1.1115E+03  0.0000E+00  0.0000E+00
  2.6076E+00  7.1266E+01  1.4623E+03  1.0750E+03  3.8731E+02  1.6656E+00
  2.6076E+00  7.1266E+01  1.3180E+03  1.0401E+03  2.7793E+02  3.2292E-01
  2.6076E+00  7.1266E+01  1.0416E+03  9.7464E+02  6.6960E+01 -2.2797E+00
  2.6076E+00  7.1266E+01  1.0177E+03  8.5966E+02  1.5804E+02 -6.0398E-01
  2.6076E+00  7.1266E+01  9.4213E+02  6.8136E+02  2.6077E+02  1.4166E+00
  2.6076E+00  7.1266E+01  7.5851E+02  5.5427E+02  2.0424E+02  1.0418E+00
  2.6076E+00  7.1266E+01  5.7800E+02  4.6286E+02  1.1514E+02  7.5724E-02
  2.6076E+00  7.1266E+01  4.5702E+02  3.4730E+02  1.0972E+02  2.4222E-01
  2.6076E+00  7.1266E+01  2.8669E+02  2.1537E+02  7.1322E+01 -1.3506E-01
  2.6076E+00  7.1266E+01  0.0000E+00  1.3263E+03  0.0000E+00  0.0000E+00
  2.6076E+00  7.1266E+01  8.1887E+02  5.1034E+02  3.0853E+02  1.9021E+00
  2.6076E+00  7.1266E+01  6.0076E+02  3.4371E+02  2.5705E+02  1.4340E+00
  3.8526E+00  7.2778E+01  0.0000E+00  1.1115E+03  0.0000E+00  0.0000E+00
  3.8526E+00  7.2778E+01  1.4078E+03  1.0750E+03  3.3281E+02  1.5277E+00
  3.8526E+00  7.2778E+01  1.2849E+03  1.0401E+03  2.4483E+02  4.9052E-01
  3.8526E+00  7.2778E+01  1.1379E+03  9.7464E+02  1.6326E+02 -3.2953E-01
  3.8526E+00  7.2778E+01  9.5893E+02  8.5966E+02  9.9270E+01 -7.1754E-01
  3.8526E+00  7.2778E+01  6.7385E+02  6.8136E+02 -7.5148E+00 -1.4947E+00
  3.8526E+00  7.2778E+01  7.7275E+02  5.5427E+02  2.1848E+02  1.9804E+00
  3.8526E+00  7.2778E+01  4.9457E+02  4.6286E+02  3.1707E+01 -3.1098E-01
  3.8526E+00  7.2778E+01  4.2595E+02  3.4730E+02  7.8647E+01  5.4799E-01
  3.8526E+00  7.2778E+01  2.4910E+02  2.1537E+02  3.3732E+01  2.5653E-02
  3.8526E+00  7.2778E+01  0.0000E+00  1.3263E+03  0.0000E+00  0.0000E+00
  3.8526E+00  7.2778E+01  6.0660E+02  5.1034E+02  9.6262E+01  3.7798E-01
  3.8526E+00  7.2778E+01  3.7970E+02  3.4371E+02  3.5986E+01 -3.1223E-01
  6.1351E+00  1.0930E+02  0.0000E+00  1.1115E+03  0.0000E+00  0.0000E+00
  6.1351E+00  1.0930E+02  8.5804E+02  1.0750E+03 -2.1695E+02 -5.7540E-01
  6.1351E+00  1.0930E+02  9.1352E+02  1.0401E+03 -1.2655E+02  5.3607E-01
  6.1351E+00  1.0930E+02  8.0989E+02  9.7464E+02 -1.6475E+02 -1.9362E-01
  6.1351E+00  1.0930E+02  6.7718E+02  8.5966E+02 -1.8248E+02 -7.8865E-01
  6.1351E+00  1.0930E+02  5.7251E+02  6.8136E+02 -1.0885E+02 -2.8751E-01
  6.1351E+00  1.0930E+02  5.9378E+02  5.5427E+02  3.9512E+01  1.4213E+00
  6.1351E+00  1.0930E+02  3.1196E+02  4.6286E+02 -1.5090E+02 -1.3463E+00
  6.1351E+00  1.0930E+02  2.7304E+02  3.4730E+02 -7.4263E+01 -4.7702E-01
  6.1351E+00  1.0930E+02  1.3821E+02  2.1537E+02 -7.7158E+01 -5.9289E-01
  6.1351E+00  1.0930E+02  0.0000E+00  1.3263E+03  0.0000E+00  0.0000E+00
  6.1351E+00  1.0930E+02  3.7421E+02  5.1034E+02 -1.3613E+02 -8.8773E-01
  6.1351E+00  1.0930E+02  3.4150E+02  3.4371E+02 -2.2142E+00  8.1357E-01
  4.9594E+00  8.9069E+01  0.0000E+00  1.1115E+03  0.0000E+00  0.0000E+00
  4.9594E+00  8.9069E+01  1.0269E+03  1.0750E+03 -4.8089E+01 -7.4973E-01
  4.9594E+00  8.9069E+01  1.0175E+03  1.0401E+03 -2.2571E+01 -3.9171E-01
  4.9594E+00  8.9069E+01  1.0535E+03  9.7464E+02  7.8860E+01  1.0061E+00
  4.9594E+00  8.9069E+01  9.1812E+02  8.5966E+02  5.8460E+01  7.6434E-01
  4.9594E+00  8.9069E+01  6.8792E+02  6.8136E+02  6.5552E+00  1.0745E-01
  4.9594E+00  8.9069E+01  5.4714E+02  5.5427E+02 -7.1282E+00 -5.1080E-02
  4.9594E+00  8.9069E+01  3.9560E+02  4.6286E+02 -6.7263E+01 -8.5229E-01
  4.9594E+00  8.9069E+01  4.2813E+02  3.4730E+02  8.0827E+01  1.1684E+00
  4.9594E+00  8.9069E+01  1.7333E+02  2.1537E+02 -4.2038E+01 -5.0168E-01
  4.9594E+00  8.9069E+01  0.0000E+00  1.3263E+03  0.0000E+00  0.0000E+00
  4.9594E+00  8.9069E+01  5.1706E+02  5.1034E+02  6.7217E+00  2.2705E-01
  4.9594E+00  8.9069E+01  2.6015E+02  3.4371E+02 -8.3564E+01 -1.0050E+00
  6.1623E+00  9.7724E+01  0.0000E+00  1.1115E+03  0.0000E+00  0.0000E+00
  6.1623E+00  9.7724E+01  9.5125E+02  1.0750E+03 -1.2374E+02 -5.1670E-01
  6.1623E+00  9.7724E+01  1.0057E+03  1.0401E+03 -3.4371E+01  6.5662E-01
  6.1623E+00  9.7724E+01  9.5986E+02  9.7464E+02 -1.4780E+01  8.4970E-01
  6.1623E+00  9.7724E+01  7.6380E+02  8.5966E+02 -9.5860E+01 -3.7416E-01
  6.1623E+00  9.7724E+01  5.3865E+02  6.8136E+02 -1.4271E+02 -1.1881E+00
  6.1623E+00  9.7724E+01  4.5962E+02  5.5427E+02 -9.4648E+01 -6.4936E-01
  6.1623E+00  9.7724E+01  4.0815E+02  4.6286E+02 -5.4713E+01 -1.7942E-01
  6.1623E+00  9.7724E+01  2.3245E+02  3.4730E+02 -1.1485E+02 -1.0697E+00
  6.1623E+00  9.7724E+01  2.4098E+02  2.1537E+02  2.5612E+01  7.8468E-01
  6.1623E+00  9.7724E+01  0.0000E+00  1.3263E+03  0.0000E+00  0.0000E+00
  6.1623E+00  9.7724E+01  4.0428E+02  5.1034E+02 -1.0606E+02 -5.3922E-01
  6.1623E+00  9.7724E+01  2.6473E+02  3.4371E+02 -7.8984E+01 -2.5704E-01
  6.7806E+00  1.3037E+02  0.0000E+00  1.1115E+03  0.0000E+00  0.0000E+00
  6.7806E+00  1.3037E+02  8.1896E+02  1.0750E+03 -2.5603E+02  6.7042E-01
  6.7806E+00  1.3037E+02  7.4240E+02  1.0401E+03 -2.9767E+02 -1.0879E-01
  6.7806E+00  1.3037E+02  5.4904E+02  9.7464E+02 -4.2560E+02 -2.2368E+00
  6.7806E+00  1.3037E+02  6.3892E+02  8.5966E+02 -2.2074E+02 -1.1312E-01
  6.7806E+00  1.3037E+02  5.4625E+02  6.8136E+02 -1.3511E+02  1.2974E-01
  6.7806E+00  1.3037E+02  3.7861E+02  5.5427E+02 -1.7566E+02 -9.7947E-01
  6.7806E+00  1.3037E+02  4.0112E+02  4.6286E+02 -6.1743E+01  2.3253E-01
  6.7806E+00  1.3037E+02  2.6304E+02  3.4730E+02 -8.4263E+01 -3.7901E-01
  6.7806E+00  1.3037E+02  2.2239E+02  2.1537E+02  7.0218E+00  7.3610E-01
  6.7806E+00  1.3037E+02  0.0000E+00  1.3263E+03  0.0000E+00  0.0000E+00
  6.7806E+00  1.3037E+02  3.5195E+02  5.1034E+02 -1.5839E+02 -7.7877E-01
  6.7806E+00  1.3037E+02  2.8577E+02  3.4371E+02 -5.7944E+01  4.0164E-01
  5.2142E+00  9.0286E+01  0.0000E+00  1.1115E+03  0.0000E+00  0.0000E+00
  5.2142E+00  9.0286E+01  1.1468E+03  1.0750E+03  7.1811E+01  1.0870E+00
  5.2142E+00  9.0286E+01  1.1456E+03  1.0401E+03  1.0553E+02  1.5495E+00
  5.2142E+00  9.0286E+01  7.9697E+02  9.7464E+02 -1.7767E+02 -2.2850E+00
  5.2142E+00  9.0286E+01  7.9321E+02  8.5966E+02 -6.6450E+01 -7.6183E-01
  5.2142E+00  9.0286E+01  6.7117E+02  6.8136E+02 -1.0195E+01  1.8276E-02
  5.2142E+00  9.0286E+01  5.1746E+02  5.5427E+02 -3.6808E+01 -3.3550E-01
  5.2142E+00  9.0286E+01  4.6884E+02  4.6286E+02  5.9770E+00  2.4737E-01
  5.2142E+00  9.0286E+01  3.0589E+02  3.4730E+02 -4.1413E+01 -3.9794E-01
  5.2142E+00  9.0286E+01  2.0143E+02  2.1537E+02 -1.3938E+01 -3.7413E-02
  5.2142E+00  9.0286E+01  0.0000E+00  1.3263E+03  0.0000E+00  0.0000E+00
  5.2142E+00  9.0286E+01  5.1359E+02  5.1034E+02  3.2517E+00  3.5049E-01
  5.2142E+00  9.0286E+01  2.7890E+02  3.4371E+02 -6.4814E+01 -5.9593E-01
